2022 10  1 12 49 21.543 181399761  31.67904 -104.19797   7.449  2.87       1      16       2     1     6     4  0.01  0.09  -1.000  -1.000  -1.000    31.68716 -104.19742   7.803
2022 10  1 18  2 18.228 181418537  31.67841 -104.49380   6.565  2.27       2       6      10     8    46    34  0.05  0.02  -1.000  -1.000  -1.000    31.65215 -104.50934   6.877
2022 10  1 20 34 27.772 181427667  31.66802 -104.36209   6.871  2.37       3       4      13     8    42    35  0.03  0.02  -1.000  -1.000  -1.000    31.66439 -104.36655   7.314
2022 10  2  3 30 21.476 181452621  31.60127 -104.23314   8.445  1.97       4      57       1     0     0     0  0.00  0.00  -1.000  -1.000  -1.000    31.60127 -104.23314   8.445
2022 10  2  4 52  8.632 181457528  31.65089 -104.55453   7.083  2.31       5      35       1     0     0     0  0.00  0.00  -1.000  -1.000  -1.000    31.65089 -104.55453   7.083
2022 10  2 10 17 49.427 181477069  31.73579 -104.11215   8.655  2.04       6       5      11     7    38    38  0.08  0.03  -1.000  -1.000  -1.000    31.73698 -104.10753   7.725
2022 10  2 17 35 36.102 181503336  31.68004 -104.40950   6.683  2.06       7       2      26    23    94   154  0.04  0.02  -1.000  -1.000  -1.000    31.68614 -104.41358   8.497
2022 10  3  4 29 19.149 181542559  31.60398 -103.99062   8.887  2.03       8       3      22     4    18    20  0.02  0.07  -1.000  -1.000  -1.000    31.59518 -103.99133   6.774
2022 10  3  5 27  3.127 181546023  31.67731 -104.49503   6.575  2.44       9       6      10     6    64    18  0.03  0.02  -1.000  -1.000  -1.000    31.68911 -104.48279   6.157
2022 10  3  6  5 19.680 181548319  31.60563 -103.98370   8.366  1.91      10       3      22     8    45    50  0.01  0.04  -1.000  -1.000  -1.000    31.60278 -103.98572   9.576
2022 10  3  6  6 29.744 181548389  31.60555 -103.98553   8.295  2.19      11       3      22    13    74    82  0.02  0.04  -1.000  -1.000  -1.000    31.60552 -103.99165   6.440
2022 10  3  6  7 54.646 181548474  31.60590 -103.98399   8.281  2.81      12       3      22    10    63    53  0.02  0.06  -1.000  -1.000  -1.000    31.59934 -103.98436   7.443
2022 10  3 10 17 57.916 181563477  31.67740 -104.40222   7.552  2.51      13       2      26    14    87    40  0.04  0.02  -1.000  -1.000  -1.000    31.67863 -104.40301   7.905
2022 10  3 12 52 14.311 181572734  31.61734 -104.12317   6.512  2.13      14       9       9     6    43    56  0.03  0.02  -1.000  -1.000  -1.000    31.62847 -104.11820   7.931
2022 10  3 14 21  1.479 181578061  31.67977 -104.41277   6.862  2.76      15       2      26    23   102   161  0.04  0.02  -1.000  -1.000  -1.000    31.67691 -104.41942   7.160
2022 10  3 17  3 41.746 181587821  31.36472 -103.73585   5.793  2.30      16      18       2     1     7     7  0.00  0.01  -1.000  -1.000  -1.000    31.36667 -103.73783   5.669
2022 10  3 19  7 26.904 181595246  31.67775 -104.39736   7.054  2.04      17       2      26    21   111   126  0.03  0.02  -1.000  -1.000  -1.000    31.68347 -104.40010   7.623
2022 10  3 20 44  3.941 181601043  31.73313 -104.09656   7.629  2.93      18       5      11     9    85    93  0.04  0.02  -1.000  -1.000  -1.000    31.73795 -104.09515   7.725
2022 10  3 22 23  9.404 181606989  31.36403 -103.73444   5.699  2.08      19      18       2     1     7     7  0.00  0.01  -1.000  -1.000  -1.000    31.36208 -103.73246   5.823
2022 10  4  3 37 26.779 181625846  31.58219 -104.23435   6.157  2.04      20      50       1     0     0     0  0.00  0.00  -1.000  -1.000  -1.000    31.58219 -104.23435   6.157
2022 10  4  5  5 40.292 181631140  31.73250 -104.09799   8.077  2.38      21       5      11     7    47    27  0.06  0.02  -1.000  -1.000  -1.000    31.72829 -104.09671   8.908
2022 10  4 19  9 27.250 181681767  31.61673 -104.11963   6.584  1.95      22       9       9     6    40    58  0.02  0.03  -1.000  -1.000  -1.000    31.61468 -104.11865   5.823
2022 10  5  5 15 43.563 181718143  31.65158 -104.31773   7.494  1.94      23      62       1     0     0     0  0.00  0.00  -1.000  -1.000  -1.000    31.65158 -104.31773   7.494
2022 10  5 21 17 19.273 181775839  31.61584 -104.11745   6.611  1.85      24       9       9     3     7    21  0.02  0.01  -1.000  -1.000  -1.000    31.61056 -104.11486   6.132
2022 10  5 21 53 12.699 181777992  31.61312 -104.32725   7.893  1.99      25      15       2     1     5     3  0.01  0.43  -1.000  -1.000  -1.000    31.61387 -104.32281   7.803
2022 10  5 22 56  2.214 181781761  31.67996 -104.41701   7.135  1.71      26       2      26    19    98    78  0.03  0.02  -1.000  -1.000  -1.000    31.67508 -104.41832  10.039
2022 10  6  0  6 10.131 181785970  31.62538 -104.38500   6.731  2.12      27      11       4     1     4     2  0.01  0.00  -1.000  -1.000  -1.000    31.62820 -104.38319   7.494
2022 10  6  2 29 46.175 181794586  31.56815 -104.16789   7.308  2.25      28       8       9     7    69    36  0.01  0.01  -1.000  -1.000  -1.000    31.55883 -104.17155   7.777
2022 10  6  2 54 15.689 181796055  31.56858 -104.16748   7.248  2.30      29       8       9     8   101    59  0.01  0.01  -1.000  -1.000  -1.000    31.57355 -104.16842   7.366
2022 10  6  3 11  4.859 181797064  31.56761 -104.16628   7.277  2.13      30       8       9     7    92    52  0.01  0.01  -1.000  -1.000  -1.000    31.56206 -104.16834   7.571
2022 10  6  9 49 38.941 181820978  31.73553 -104.10099   7.506  1.99      31       5      11     8    82    77  0.03  0.01  -1.000  -1.000  -1.000    31.73562 -104.10322   7.623
2022 10  6 10 39 16.449 181823956  31.67773 -104.49467   6.442  2.06      32       6      10     9    73    45  0.04  0.02  -1.000  -1.000  -1.000    31.67680 -104.50178   7.520
2022 10  6 20 29 35.281 181859375  31.73558 -104.10167   7.581  2.86      33       5      11    10   132   108  0.03  0.02  -1.000  -1.000  -1.000    31.73468 -104.10752   7.674
2022 10  6 20 47  7.850 181860427  31.73444 -104.09896   7.549  3.21      34       5      11     9   137   100  0.05  0.02  -1.000  -1.000  -1.000    31.73564 -104.09783   7.160
2022 10  6 20 51 36.368 181860696  31.73308 -104.09737   7.681  2.73      35       5      11    10   118    74  0.04  0.02  -1.000  -1.000  -1.000    31.73369 -104.09742   7.738
2022 10  6 22 57 11.533 181868231  31.73536 -104.10067   7.531  2.11      36       5      11     8    78    49  0.03  0.01  -1.000  -1.000  -1.000    31.73565 -104.09568   8.034
2022 10  7  0  2 32.467 181872152  31.67041 -104.54955   8.364  2.22      37      19       2     1    13     5  0.01  0.01  -1.000  -1.000  -1.000    31.67293 -104.55800   8.008
2022 10  7  1  8 28.137 181876108  31.73357 -104.09970   7.838  1.96      38       5      11     8    56    22  0.03  0.01  -1.000  -1.000  -1.000    31.73104 -104.09888   8.034
2022 10  7  9 10 38.323 181905038  31.67074 -104.55052   8.295  2.02      39      19       2     1    13     5  0.01  0.01  -1.000  -1.000  -1.000    31.66822 -104.54207   8.651
2022 10  7 16 39 16.718 181931956  31.71673 -104.29753   7.725  2.11      40      43       1     0     0     0  0.00  0.00  -1.000  -1.000  -1.000    31.71673 -104.29753   7.725
2022 10  8  6 21 30.962 181981290  31.39442 -103.77358   7.288  1.89      41      59       1     0     0     0  0.00  0.00  -1.000  -1.000  -1.000    31.39442 -103.77358   7.288
2022 10  8  7 58 32.138 181987112  31.53962 -104.15207   7.725  2.75      42      23       1     0     0     0  0.00  0.00  -1.000  -1.000  -1.000    31.53962 -104.15207   7.725
2022 10  8 17 17 28.170 182020648  31.61036 -104.27067   7.778  2.46      43      10       5     3    35    26  0.01  0.01  -1.000  -1.000  -1.000    31.60772 -104.27219   7.288
2022 10  8 18 34 29.685 182025269  31.67005 -104.37392   7.272  2.16      44       4      13     8    65    75  0.03  0.01  -1.000  -1.000  -1.000    31.66894 -104.37305   7.468
2022 10  8 18 44 34.510 182025874  31.67029 -104.37429   7.262  2.11      45       4      13     7    59    52  0.02  0.01  -1.000  -1.000  -1.000    31.66869 -104.37601   8.420
2022 10  8 19  4 10.803 182027050  31.67602 -104.39332   7.319  1.98      46       2      26    21   106   140  0.05  0.02  -1.000  -1.000  -1.000    31.67848 -104.39036   7.366
2022 10  9  3 24 38.718 182057078  31.65343 -104.29982   7.634  3.03      47      14       2     1     3     9  0.01  0.01  -1.000  -1.000  -1.000    31.65468 -104.29811   7.571
2022 10  9  6 18 54.821 182067534  31.65296 -104.29450   7.842  1.97      48      14       2     1     3     9  0.01  0.01  -1.000  -1.000  -1.000    31.65171 -104.29621   7.905
2022 10  9  6 59 20.338 182069960  31.61609 -104.37036   7.247  2.51      49      11       4     3    25     7  0.01  0.00  -1.000  -1.000  -1.000    31.62486 -104.36729   7.931
2022 10  9  8 23 11.664 182074991  31.65357 -104.23519   7.848  2.59      50       1      29     8    54    44  0.03  0.01  -1.000  -1.000  -1.000    31.64190 -104.24016   7.597
2022 10  9  8 56 18.272 182076978  31.67698 -104.39824   7.590  2.46      51       2      26    22   109   161  0.06  0.02  -1.000  -1.000  -1.000    31.67522 -104.39787   7.160
2022 10  9 12 29 52.958 182089792  31.67969 -104.42539   6.836  2.10      52       2      26    17    92    62  0.04  0.02  -1.000  -1.000  -1.000    31.68766 -104.42786   7.288
2022 10  9 12 40  0.249 182090400  31.65333 -104.23260   7.969  2.31      53       1      29     8    64    26  0.04  0.02  -1.000  -1.000  -1.000    31.65296 -104.23486   7.186
2022 10  9 13  9 34.699 182092174  31.61576 -104.36851   7.399  2.27      54      11       4     2    16     5  0.01  0.00  -1.000  -1.000  -1.000    31.60903 -104.36258   6.980
2022 10  9 13 35 57.884 182093757  31.61929 -104.33792   7.905  1.98      55      25       1     0     0     0  0.00  0.00  -1.000  -1.000  -1.000    31.61929 -104.33792   7.905
2022 10  9 13 48 32.896 182094512  31.65283 -104.23252   7.796  2.08      56       1      29     6    38    28  0.01  0.02  -1.000  -1.000  -1.000    31.63896 -104.23234   7.006
2022 10  9 17 21 36.022 182107295  31.61563 -104.36900   7.185  2.58      57      11       4     2    23     4  0.01  0.00  -1.000  -1.000  -1.000    31.61076 -104.37981   6.157
2022 10  9 21 26 22.130 182121982  31.61018 -104.27326   7.528  2.40      58      10       5     3     9    17  0.02  0.04  -1.000  -1.000  -1.000    31.60565 -104.27191   7.674
2022 10  9 21 48 50.155 182123330  31.67195 -104.27228   2.031  2.57      59      33       1     0     0     0  0.00  0.00  -1.000  -1.000  -1.000    31.67195 -104.27228   2.031
2022 10 10  6 16 33.315 182153793  31.73662 -104.11333   8.137  2.15      60       5      11     4    33    11  0.05  0.03  -1.000  -1.000  -1.000    31.73834 -104.11293   7.880
2022 10 10  9 50 24.139 182166624  31.63890 -104.15108   7.777  2.05      61      45       1     0     0     0  0.00  0.00  -1.000  -1.000  -1.000    31.63890 -104.15108   7.777
2022 10 10 10  1  6.401 182167266  31.66677 -104.36583   7.231  2.34      62       4      13     9    61    76  0.06  0.01  -1.000  -1.000  -1.000    31.66947 -104.36229   6.646
2022 10 10 11  0 41.622 182170841  31.66667 -104.36457   7.233  2.99      63       4      13     5    10    40  0.04  0.03  -1.000  -1.000  -1.000    31.66574 -104.36979   7.520
2022 10 10 11  8  9.794 182171289  31.66556 -104.36322   7.307  2.23      64       4      13    11    50    62  0.08  0.02  -1.000  -1.000  -1.000    31.66672 -104.36119   7.674
2022 10 10 12 33 29.673 182176409  31.56669 -104.16455   7.346  2.15      65       8       9     6    68    30  0.01  0.01  -1.000  -1.000  -1.000    31.57149 -104.16652   7.905
2022 10 10 17 44 21.568 182195061  31.67922 -104.42042   7.220  2.29      66       2      26    17    51    85  0.03  0.02  -1.000  -1.000  -1.000    31.68289 -104.41840   6.080
2022 10 10 20 57 26.289 182206646  31.68648 -104.28275   6.132  2.02      67      32       1     0     0     0  0.00  0.00  -1.000  -1.000  -1.000    31.68648 -104.28275   6.132
2022 10 11  9 53 43.225 182253223  31.70154 -104.14302   9.228  1.62      68       7      10     4    14    15  0.04  0.03  -1.000  -1.000  -1.000    31.70328 -104.14180   9.988
2022 10 11 13 14 29.119 182265268  31.67778 -104.50060   6.545  1.97      69       6      10     7    29    32  0.04  0.03  -1.000  -1.000  -1.000    31.67538 -104.50769   7.623
2022 10 11 19 36 46.841 182288206  31.62205 -104.12589   6.794  2.05      70       9       9     4    21    17  0.04  0.03  -1.000  -1.000  -1.000    31.61692 -104.13211   7.571
2022 10 12  3 37 17.990 182317037  31.65397 -104.23631   7.775  2.86      71       1      29    12    87    78  0.03  0.11  -1.000  -1.000  -1.000    31.65226 -104.23782   7.571
2022 10 12  5 34 15.848 182324055  31.65347 -104.23476   7.713  2.42      72       1      29    16   104    93  0.04  0.03  -1.000  -1.000  -1.000    31.64903 -104.23887   7.623
2022 10 12 21 35 48.601 182381748  31.55630 -104.14093   8.979  2.79      73      12       4     3    30    15  0.01  0.00  -1.000  -1.000  -1.000    31.55598 -104.14276   7.597
2022 10 12 21 38 57.182 182381937  31.55604 -104.14022   8.986  2.08      74      12       4     3    31    10  0.01  0.01  -1.000  -1.000  -1.000    31.55503 -104.14813   8.214
2022 10 12 22  6 41.640 182383601  31.55766 -104.13987   8.891  1.82      75      12       4     3    31    17  0.01  0.01  -1.000  -1.000  -1.000    31.56037 -104.13661  10.039
2022 10 12 22 32 35.798 182385155  31.55578 -104.14198   9.032  1.85      76      12       4     3    36    18  0.01  0.01  -1.000  -1.000  -1.000    31.55440 -104.13550  10.039
2022 10 13 17  8 38.969 182452118  31.60452 -103.99605   8.832  2.05      77       3      22     6    35    48  0.03  0.05  -1.000  -1.000  -1.000    31.59513 -104.00639   7.597
2022 10 13 20 14 25.033 182463264  31.56933 -104.16938   7.334  2.40      78       8       9     7    57    28  0.01  0.01  -1.000  -1.000  -1.000    31.56504 -104.16970   7.905
2022 10 14  6  4 28.515 182498668  31.69641 -104.31568   7.211  1.82      79      27       1     0     0     0  0.00  0.00  -1.000  -1.000  -1.000    31.69641 -104.31568   7.211
2022 10 14  7 25 32.165 182503532  31.67861 -104.40503   7.071  2.05      80       2      26    25   119   185  0.04  0.02  -1.000  -1.000  -1.000    31.67585 -104.40622   7.597
2022 10 14 12 11 11.432 182520671  31.73612 -104.10974   8.056  1.97      81       5      11    10    74    63  0.06  0.03  -1.000  -1.000  -1.000    31.73384 -104.11627   7.738
2022 10 14 12 47 48.003 182522867  31.67873 -104.40604   7.195  2.43      82       2      26    24   112   171  0.04  0.02  -1.000  -1.000  -1.000    31.67311 -104.40404   7.083
2022 10 14 15 50 51.789 182533851  31.56629 -104.16398   7.406  2.16      83       8       9     7    70    56  0.01  0.01  -1.000  -1.000  -1.000    31.56391 -104.16674   7.725
2022 10 14 19 11 34.702 182545894  31.62177 -104.17734   2.481  1.96      84      41       1     0     0     0  0.00  0.00  -1.000  -1.000  -1.000    31.62177 -104.17734   2.481
2022 10 15  0 23 46.033 182564625  31.67866 -104.40564   6.912  2.86      85       2      26    23   157   136  0.04  0.02  -1.000  -1.000  -1.000    31.68069 -104.40438   6.543
2022 10 15  0 43 46.937 182565826  31.60578 -103.96592   8.024  2.70      86       3      22     9    38    77  0.05  0.04  -1.000  -1.000  -1.000    31.60606 -103.96637   8.857
2022 10 15  3 24 34.221 182575474  31.67981 -104.40603   6.470  2.51      87       2      26    18    46    99  0.05  0.02  -1.000  -1.000  -1.000    31.66942 -104.40616   6.671
2022 10 15  3 46 49.946 182576809  31.60384 -103.96512   8.637  2.87      88       3      22     3     8    30  0.03  0.03  -1.000  -1.000  -1.000    31.60721 -103.96664   8.625
2022 10 15  4  3 55.508 182577835  31.60379 -103.96512   8.599  2.20      89       3      22     6    17    48  0.02  0.01  -1.000  -1.000  -1.000    31.60906 -103.96342   8.728
2022 10 15  7 56 47.128 182591807  31.60546 -103.96592   8.045  2.41      90       3      22     5    24    51  0.02  0.02  -1.000  -1.000  -1.000    31.60353 -103.96663   8.831
2022 10 15 13 44 39.576 182612679  31.64166 -104.22826   6.390  0.93      91       1      29     3    11    15  0.03  0.01  -1.000  -1.000  -1.000    31.63532 -104.22532   6.697
2022 10 15 14 43  2.281 182616181  31.67945 -104.41241   6.926  2.17      92       2      26    25   166   207  0.04  0.02  -1.000  -1.000  -1.000    31.67949 -104.41271   7.494
2022 10 15 16  5 29.038 182621129  31.67975 -104.41540   6.792  1.02      93       2      26    14    26   100  0.03  0.01  -1.000  -1.000  -1.000    31.68016 -104.41514   5.309
2022 10 15 17 14 13.964 182625253  31.67933 -104.41267   7.153  1.02      94       2      26    19    31   122  0.04  0.02  -1.000  -1.000  -1.000    31.68316 -104.41275   6.569
2022 10 15 19  9 22.716 182632162  31.67885 -104.40643   7.120  2.47      95       2      26    23    69   146  0.04  0.02  -1.000  -1.000  -1.000    31.68205 -104.40708   6.234
2022 10 15 20 26 59.367 182636819  31.66872 -104.35604   6.605  1.99      96       4      13     2    11     8  0.04  0.04  -1.000  -1.000  -1.000    31.66719 -104.35850   7.828
2022 10 15 21 35 36.595 182640936  31.64476 -104.23600   6.207  2.39      97       1      29     6    31     9  0.04  0.03  -1.000  -1.000  -1.000    31.64747 -104.23052   6.774
2022 10 16  8 15  1.480 182679301  31.64765 -104.22596   7.166  2.05      98       1      29    11    64    23  0.06  0.05  -1.000  -1.000  -1.000    31.65462 -104.22546   7.057
2022 10 16  8 51 24.514 182681484  31.61732 -104.12045   6.632  2.04      99       9       9     6    48    67  0.02  0.01  -1.000  -1.000  -1.000    31.61742 -104.12243   6.132
2022 10 16 13 27 16.641 182698036  31.61847 -104.12068   6.838  2.22     100       9       9     7    49    57  0.02  0.02  -1.000  -1.000  -1.000    31.61971 -104.12406   6.646
2022 10 16 14 32 41.298 182701961  31.64596 -104.22470   6.909  2.24     101       1      29     8    65    16  0.05  0.02  -1.000  -1.000  -1.000    31.64292 -104.22187   7.700
2022 10 16 17 38 59.447 182713139  31.64417 -104.22592   6.839  2.44     102       1      29    10    85    27  0.05  0.07  -1.000  -1.000  -1.000    31.64591 -104.22055   7.160
2022 10 16 17 44 36.756 182713476  31.64258 -104.22467   6.659  2.50     103       1      29     4    21    12  0.09  0.03  -1.000  -1.000  -1.000    31.64294 -104.21757   6.260
2022 10 16 18 45 17.343 182717117  31.64153 -104.22341   6.783  2.09     104       1      29     9    69    28  0.04  0.03  -1.000  -1.000  -1.000    31.65007 -104.21681   6.543
2022 10 16 19 16 49.659 182719009  31.64117 -104.22296   6.746  2.45     105       1      29     5    40    27  0.02  0.02  -1.000  -1.000  -1.000    31.64452 -104.22377   6.800
2022 10 16 19 57 39.577 182721459  31.64104 -104.22701   6.510  2.02     106       1      29     7    52    20  0.04  0.03  -1.000  -1.000  -1.000    31.64176 -104.22267   6.132
2022 10 17  9 18 34.198 182769514  31.64447 -104.22073   7.080  1.91     107       1      29     8    42    25  0.04  0.03  -1.000  -1.000  -1.000    31.64198 -104.22617   7.597
2022 10 17 19 40 55.287 182806855  31.67969 -104.41824   7.146  2.01     108       2      26    24    86   156  0.03  0.02  -1.000  -1.000  -1.000    31.68248 -104.41139   6.132
2022 10 17 22 52 18.426 182818338  31.67878 -104.49595   6.314  2.25     109       6      10     9    62    38  0.04  0.02  -1.000  -1.000  -1.000    31.68843 -104.48198   6.132
2022 10 18  0 57 44.753 182825864  31.61209 -104.31862   7.738  2.05     110      15       2     1     5     3  0.01  0.43  -1.000  -1.000  -1.000    31.61134 -104.32306   7.828
2022 10 18  6 14 18.533 182844858  31.69786 -104.13298   8.432  2.11     111       7      10     8    47    61  0.02  0.02  -1.000  -1.000  -1.000    31.69734 -104.13315   7.880
2022 10 18  7 35 31.580 182849731  31.69810 -104.13096   8.270  2.15     112       7      10     5    21    19  0.04  0.01  -1.000  -1.000  -1.000    31.70333 -104.13157   7.623
2022 10 19  2 54 37.612 182919277  31.64944 -104.38323   6.603  2.75     113       4      13     2    12    14  0.07  0.01  -1.000  -1.000  -1.000    31.64591 -104.38092   6.286
2022 10 19 10 22 25.626 182946145  31.64997 -104.22614   7.470  1.89     114       1      29    12    52    63  0.03  0.12  -1.000  -1.000  -1.000    31.64495 -104.22915   7.623
2022 10 19 12 19 55.571 182953195  31.67041 -104.49028   6.393  1.96     115       6      10     8    35    34  0.06  0.03  -1.000  -1.000  -1.000    31.66834 -104.49497   6.414
2022 10 19 12 35 59.491 182954159  31.60917 -103.97531   7.865  2.46     116       3      22     6    17    50  0.02  0.01  -1.000  -1.000  -1.000    31.61039 -103.97580   8.882
2022 10 19 12 39 12.924 182954352  31.60852 -103.97655   7.848  2.01     117       3      22     9    34    61  0.06  0.03  -1.000  -1.000  -1.000    31.61063 -103.97553   8.497
2022 10 19 13 12 48.299 182956368  31.64511 -104.43258   6.337  1.96     118      37       1     0     0     0  0.00  0.00  -1.000  -1.000  -1.000    31.64511 -104.43258   6.337
2022 10 19 18  8 31.279 182974111  31.70047 -104.13783   8.354  2.07     119       7      10     8    57    87  0.05  0.01  -1.000  -1.000  -1.000    31.69961 -104.13962   7.725
2022 10 19 19 46 52.381 182980012  31.56324 -104.16217   6.363  1.02     120      31       1     0     0     0  0.00  0.00  -1.000  -1.000  -1.000    31.56324 -104.16217   6.363
2022 10 19 21 24 22.628 182985862  31.61035 -104.27117   7.761  2.90     121      10       5     3    21    26  0.01  0.02  -1.000  -1.000  -1.000    31.60956 -104.27221   7.288
2022 10 19 21 48  7.634 182987287  31.67090 -104.38949   7.443  1.73     122      24       1     0     0     0  0.00  0.00  -1.000  -1.000  -1.000    31.67090 -104.38949   7.443
2022 10 19 22  0 14.730 182988014  31.67241 -104.48653   5.298  1.79     123       6      10     7    26    21  0.10  0.04  -1.000  -1.000  -1.000    31.66980 -104.48368   6.466
2022 10 20  1 21 39.814 183000099  31.70093 -104.14051   8.476  2.34     124       7      10     6    28    57  0.12  0.01  -1.000  -1.000  -1.000    31.69778 -104.13853   7.828
2022 10 20  2 17 41.496 183003461  31.69989 -104.13771   8.401  2.24     125       7      10     9    53    78  0.02  0.01  -1.000  -1.000  -1.000    31.70145 -104.14017   8.497
2022 10 20  2 58 42.129 183005922  31.65015 -104.22430   7.608  2.24     126       1      29    16   102   110  0.03  0.02  -1.000  -1.000  -1.000    31.65140 -104.22543   7.674
2022 10 20  4 15 59.755 183010559  31.64927 -104.22173   7.625  3.31     127       1      29    13    71    73  0.07  0.03  -1.000  -1.000  -1.000    31.66129 -104.22416   8.008
2022 10 20  4 31 29.825 183011489  31.65077 -104.22193   7.809  2.36     128       1      29    16   130    97  0.07  0.02  -1.000  -1.000  -1.000    31.64636 -104.22324   8.188
2022 10 20  6 54 20.107 183020060  31.65016 -104.21613   7.912  2.80     129       1      29    16    96    93  0.05  0.02  -1.000  -1.000  -1.000    31.64319 -104.21300   7.623
2022 10 20  6 58 51.218 183020330  31.65026 -104.21795   7.842  1.97     130       1      29    11    78    91  0.03  0.02  -1.000  -1.000  -1.000    31.64772 -104.22648   7.674
2022 10 20  7 46 52.189 183023212  31.68905 -104.42626   4.975  1.93     131      55       1     0     0     0  0.00  0.00  -1.000  -1.000  -1.000    31.68905 -104.42626   4.975
2022 10 20 10 52 23.499 183034343  31.71227 -104.13512   8.728  2.06     132      26       1     0     0     0  0.00  0.00  -1.000  -1.000  -1.000    31.71227 -104.13512   8.728
2022 10 20 11 22 47.437 183036167  31.64606 -104.24443   6.001  2.18     133       1      29     5    32     9  0.13  0.07  -1.000  -1.000  -1.000    31.64534 -104.24261   6.697
2022 10 20 12 30 14.507 183040214  31.70226 -104.13896   8.013  1.76     134       7      10     6    13    47  0.04  0.01  -1.000  -1.000  -1.000    31.70650 -104.14020   9.988
2022 10 20 15  0  7.082 183049207  31.64970 -104.21983   7.732  2.86     135       1      29    11    48    61  0.02  0.02  -1.000  -1.000  -1.000    31.64802 -104.21276   7.648
2022 10 20 17  5 50.575 183056750  31.42759 -103.85231   5.720  2.33     136      20       1     0     0     0  0.00  0.00  -1.000  -1.000  -1.000    31.42759 -103.85231   5.720
2022 10 20 17 57 13.489 183059833  31.70135 -104.13777   8.115  2.24     137       7      10     9    42    96  0.03  0.02  -1.000  -1.000  -1.000    31.69777 -104.14176   7.828
2022 10 20 18 38 33.238 183062313  31.64945 -104.21896   7.634  2.27     138       1      29     8    30    35  0.02  0.01  -1.000  -1.000  -1.000    31.65762 -104.22306   8.420
2022 10 20 18 41 46.933 183062506  31.64962 -104.21896   7.677  2.52     139       1      29    14    70    79  0.03  0.02  -1.000  -1.000  -1.000    31.64865 -104.22380   6.132
2022 10 20 18 50 22.291 183063022  31.64968 -104.21812   7.825  2.19     140       1      29    11    43    64  0.04  0.02  -1.000  -1.000  -1.000    31.65210 -104.22409   8.728
2022 10 20 20 19 14.467 183068354  31.67993 -104.41952   6.806  1.79     141       2      26    22    67   138  0.05  0.02  -1.000  -1.000  -1.000    31.68153 -104.41623   6.903
2022 10 21  2 33 49.355 183090829  31.70237 -104.14159   8.266  1.95     142       7      10     8    45    74  0.03  0.01  -1.000  -1.000  -1.000    31.70560 -104.13589   7.725
2022 10 21 11 27 45.550 183122865  31.61691 -104.27226   7.391  2.01     143      36       1     0     0     0  0.00  0.00  -1.000  -1.000  -1.000    31.61691 -104.27226   7.391
2022 10 21 19 21 14.956 183151274  31.67765 -104.40018   7.128  3.11     144       2      26    20    89   111  0.05  0.02  -1.000  -1.000  -1.000    31.66693 -104.39995   6.851
2022 10 21 19 40 29.449 183152429  31.67772 -104.39832   7.360  2.00     145       2      26    21    79   115  0.05  0.02  -1.000  -1.000  -1.000    31.67705 -104.39842   7.006
2022 10 21 19 57 58.337 183153478  31.67715 -104.39953   7.413  3.73     146       2      26    23   119   171  0.04  0.02  -1.000  -1.000  -1.000    31.67243 -104.40161   6.749
2022 10 21 20 57 35.292 183157055  31.67692 -104.39386   7.079  3.05     147       2      26    17    69    94  0.03  0.02  -1.000  -1.000  -1.000    31.68212 -104.39578   7.417
2022 10 21 21 15 41.910 183158141  31.65277 -104.45472   6.389  1.74     148      39       1     0     0     0  0.00  0.00  -1.000  -1.000  -1.000    31.65277 -104.45472   6.389
2022 10 22  3 12 49.435 183179569  31.70927 -104.55351   6.083  2.11     149      13       2     1     6     7  0.01  0.00  -1.000  -1.000  -1.000    31.72352 -104.55316   5.746
2022 10 22  4 20 48.486 183183648  31.70973 -104.55305   6.077  2.31     150      13       2     1     6     7  0.01  0.00  -1.000  -1.000  -1.000    31.69548 -104.55340   6.414
2022 10 22  5 25 25.850 183187525  31.70289 -104.14311   8.331  1.96     151       7      10     9    40    94  0.10  0.01  -1.000  -1.000  -1.000    31.69501 -104.14175   8.805
2022 10 22 10 34 34.633 183206074  31.64130 -104.48555   6.157  2.14     152      38       1     0     0     0  0.00  0.00  -1.000  -1.000  -1.000    31.64130 -104.48555   6.157
2022 10 22 13 48 23.984 183217703  31.52797 -104.07074   7.374  2.22     153      17       2     1     7     9  0.00  0.01  -1.000  -1.000  -1.000    31.51949 -104.07804   6.671
2022 10 22 15 31 23.562 183223883  31.66168 -104.32081   7.605  2.01     154      40       1     0     0     0  0.00  0.00  -1.000  -1.000  -1.000    31.66168 -104.32081   7.605
2022 10 22 16 27 38.440 183227258  31.50888 -104.02559   3.869  2.16     155      58       1     0     0     0  0.00  0.00  -1.000  -1.000  -1.000    31.50888 -104.02559   3.869
2022 10 22 19 50 39.852 183239439  31.65366 -104.18697   6.414  1.04     156      28       1     0     0     0  0.00  0.00  -1.000  -1.000  -1.000    31.65366 -104.18697   6.414
2022 10 22 23 39 53.713 183253193  31.67064 -104.48759   6.139  1.99     157       6      10     8    32    31  0.13  0.02  -1.000  -1.000  -1.000    31.68064 -104.47813   4.846
2022 10 23  3 13 42.196 183266022  31.67528 -104.38818   4.126  1.09     158      47       1     0     0     0  0.00  0.00  -1.000  -1.000  -1.000    31.67528 -104.38818   4.126
2022 10 23  3 35 55.769 183267355  31.65982 -104.32426   6.363  0.77     159      21       1     0     0     0  0.00  0.00  -1.000  -1.000  -1.000    31.65982 -104.32426   6.363
2022 10 23  6 35 30.976 183278130  31.60680 -104.00184   8.036  1.99     160       3      22    11    50    72  0.02  0.01  -1.000  -1.000  -1.000    31.60409 -104.00670   7.880
2022 10 23  7 26 42.334 183281202  31.60654 -104.00123   8.015  1.43     161       3      22     8    39    50  0.02  0.01  -1.000  -1.000  -1.000    31.60499 -104.01047   7.057
2022 10 23  7 34 25.482 183281665  31.60667 -104.00104   7.967  1.88     162       3      22     9    38    57  0.02  0.01  -1.000  -1.000  -1.000    31.60778 -104.00080   7.828
2022 10 23  7 41 56.281 183282116  31.60673 -104.00154   7.988  1.38     163       3      22     3    14    20  0.00  0.00  -1.000  -1.000  -1.000    31.61557 -104.00891   6.440
2022 10 23  8 41 50.013 183285710  31.67747 -104.39618   6.851  1.83     164       2      26    24    82   160  0.04  0.02  -1.000  -1.000  -1.000    31.68259 -104.39471   6.132
2022 10 23 10 58 53.741 183293933  31.67538 -104.33408   7.083  1.61     165      49       1     0     0     0  0.00  0.00  -1.000  -1.000  -1.000    31.67538 -104.33408   7.083
2022 10 23 11  4 48.340 183294288  31.64881 -104.19312  10.605  1.85     166      60       1     0     0     0  0.00  0.00  -1.000  -1.000  -1.000    31.64881 -104.19312  10.605
2022 10 23 12 25  8.051 183299107  31.60806 -103.99800   7.415  1.59     167       3      22     3     3    15  0.08  0.01  -1.000  -1.000  -1.000    31.60619 -103.99568   8.522
2022 10 23 18 39 40.637 183321580  31.61590 -104.32901   7.623  1.72     168      48       1     0     0     0  0.00  0.00  -1.000  -1.000  -1.000    31.61590 -104.32901   7.623
2022 10 23 21  7 46.345 183330466  31.35773 -103.76131   9.709  2.40     169      29       1     0     0     0  0.00  0.00  -1.000  -1.000  -1.000    31.35773 -103.76131   9.709
2022 10 23 21 18 54.915 183331134  31.61273 -104.10279   7.397  2.16     170       9       9     3    12     7  0.03  0.03  -1.000  -1.000  -1.000    31.61522 -104.10090   6.903
2022 10 24  4 31 25.597 183357085  31.61676 -104.11624   6.054  1.13     171      64       1     0     0     0  0.00  0.00  -1.000  -1.000  -1.000    31.61676 -104.11624   6.054
2022 10 24  6  4 11.974 183362651  31.55457 -104.15039   8.461  2.30     172      53       1     0     0     0  0.00  0.00  -1.000  -1.000  -1.000    31.55457 -104.15039   8.461
2022 10 24  6  3 50.183 183362630  31.55870 -104.15031   6.157  1.56     173      51       1     0     0     0  0.00  0.00  -1.000  -1.000  -1.000    31.55870 -104.15031   6.157
2022 10 24 12 18  1.242 183385081  31.70131 -104.16979   1.915  1.07     174      61       1     0     0     0  0.00  0.00  -1.000  -1.000  -1.000    31.70131 -104.16979   1.915
2022 10 24 12 31 11.859 183385871  31.70746 -104.01581   8.291  2.18     175      34       1     0     0     0  0.00  0.00  -1.000  -1.000  -1.000    31.70746 -104.01581   8.291
2022 10 24 12 41  9.439 183386469  31.65059 -104.21736   7.981  1.01     176       1      29     3    14    14  0.01  0.00  -1.000  -1.000  -1.000    31.66040 -104.21769   8.008
2022 10 24 15 15 31.943 183395731  31.61236 -103.97901   5.967  1.84     177       3      22     1     2     4  0.17  0.02  -1.000  -1.000  -1.000    31.61088 -103.96666   9.448
2022 10 24 15 19  6.536 183395946  31.61533 -104.34622   2.018  2.13     178      42       1     0     0     0  0.00  0.00  -1.000  -1.000  -1.000    31.61533 -104.34622   2.018
2022 10 24 17 51 56.738 183405116  31.56728 -104.17257   7.116  1.96     179       8       9     3    17    18  0.01  0.01  -1.000  -1.000  -1.000    31.57516 -104.16869   6.157
2022 10 24 20  0  5.355 183412805  31.56806 -104.17285   7.170  2.18     180       8       9     7    30    35  0.01  0.02  -1.000  -1.000  -1.000    31.56594 -104.17401   6.774
2022 10 24 20 26 50.490 183414410  31.64833 -104.21532   7.725  1.95     181       1      29     4    10    16  0.01  0.01  -1.000  -1.000  -1.000    31.65928 -104.21203   7.211
2022 10 24 23 27 33.603 183425253  31.56757 -104.17203   7.107  2.07     182       8       9     8    40    34  0.02  0.01  -1.000  -1.000  -1.000    31.57358 -104.16304   6.132
2022 10 25  2  2  2.265 183434521  31.67096 -104.37360   7.068  2.61     183       4      13     9    73    84  0.08  0.02  -1.000  -1.000  -1.000    31.67493 -104.37149   7.623
2022 10 25  3  8 55.876 183438536  31.67212 -104.37534   7.005  1.59     184       4      13     6    36    52  0.03  0.01  -1.000  -1.000  -1.000    31.67397 -104.37740   5.309
2022 10 25  4 46 36.144 183444396  31.60535 -103.99712   8.707  2.54     185       3      22    13    71    91  0.05  0.07  -1.000  -1.000  -1.000    31.61366 -103.99559   8.510
2022 10 25  6 14  8.564 183449648  31.66555 -104.46776   4.024  1.79     186      52       1     0     0     0  0.00  0.00  -1.000  -1.000  -1.000    31.66555 -104.46776   4.024
2022 10 25  8 59 19.273 183459559  31.60390 -103.99306   8.501  1.56     187       3      22     2     5     9  0.01  0.01  -1.000  -1.000  -1.000    31.60437 -103.99137   8.111
2022 10 26  0 18 54.999 183514734  31.65984 -104.32103   7.700  2.00     188      46       1     0     0     0  0.00  0.00  -1.000  -1.000  -1.000    31.65984 -104.32103   7.700
2022 10 26 11 31 29.398 183555089  31.72311 -104.30728   6.132  2.22     189      30       1     0     0     0  0.00  0.00  -1.000  -1.000  -1.000    31.72311 -104.30728   6.132
2022 10 26 19  0 36.878 183582036  31.64734 -104.21258   7.881  2.40     190       1      29     5    21    14  0.04  0.00  -1.000  -1.000  -1.000    31.64457 -104.21247   7.777
2022 10 26 21  4 36.635 183589476  31.60499 -103.98974   8.434  1.77     191       3      22    11    41    74  0.02  0.04  -1.000  -1.000  -1.000    31.60785 -103.98090   7.983
2022 10 27  8 36 38.174 183630998  31.60611 -103.98835   8.065  1.84     192       3      22     8    34    50  0.02  0.04  -1.000  -1.000  -1.000    31.60533 -103.97954   8.522
2022 10 27 12 16  3.086 183644162  31.67993 -104.42061   6.843  1.94     193       2      26    12    58    73  0.02  0.02  -1.000  -1.000  -1.000    31.67302 -104.41804   7.803
2022 10 27 23 26  6.211 183684366  31.67266 -104.34530   6.697  1.99     194       4      13     2     8     9  0.04  0.04  -1.000  -1.000  -1.000    31.66819 -104.34505   5.206
2022 10 28  8 45 45.883 183717945  31.63391 -104.23015   1.915  0.66     195      54       1     0     0     0  0.00  0.00  -1.000  -1.000  -1.000    31.63391 -104.23015   1.915
2022 10 28 12 39 38.747 183731978  31.65043 -104.38565   6.593  2.00     196       4      13     5    22    27  0.17  0.03  -1.000  -1.000  -1.000    31.65465 -104.38046   6.132
2022 10 28 15  5  6.943 183740706  31.56656 -104.02669   8.625  2.17     197      22       1     0     0     0  0.00  0.00  -1.000  -1.000  -1.000    31.56656 -104.02669   8.625
2022 10 28 15 46 19.654 183743179  31.60867 -104.24399   7.508  2.49     198      10       5     1     5     8  0.01  0.02  -1.000  -1.000  -1.000    31.61085 -104.24666   8.548
2022 10 28 20  5 29.486 183758729  31.67077 -104.48597   6.063  1.50     199       6      10     6    13    25  0.19  0.02  -1.000  -1.000  -1.000    31.67734 -104.48995   4.178
2022 10 29  5 24  2.097 183792242  31.61143 -103.99299   7.667  2.11     200       3      22     2     4     8  0.12  0.04  -1.000  -1.000  -1.000    31.61553 -103.98726   7.893
2022 10 29 12 28 31.759 183817711  31.61027 -104.10827   6.600  2.78     201       9       9     2    23     9  0.01  0.00  -1.000  -1.000  -1.000    31.61152 -104.10518   6.440
2022 10 29 12 55 10.232 183819310  31.61068 -104.10751   6.666  1.75     202       9       9     3    23    12  0.01  0.05  -1.000  -1.000  -1.000    31.60691 -104.10946   7.057
2022 10 30  8 46 11.757 183890771  31.58943 -104.11258   9.834  1.61     203      44       1     0     0     0  0.00  0.00  -1.000  -1.000  -1.000    31.58943 -104.11258   9.834
2022 10 30 11 53 42.518 183902022  31.50474 -104.02665   6.543  2.04     204      63       1     0     0     0  0.00  0.00  -1.000  -1.000  -1.000    31.50474 -104.02665   6.543
2022 10 30 14 29 56.544 183911396  31.67934 -104.41309   7.176  2.16     205       2      26    25   141   181  0.03  0.02  -1.000  -1.000  -1.000    31.67926 -104.41190   6.080
2022 10 30 20 41 39.876 183933699  31.52830 -104.07120   7.331  2.22     206      17       2     1     7     9  0.00  0.01  -1.000  -1.000  -1.000    31.53678 -104.06390   8.034
2022 10 31  6 11 47.183 183967907  31.50831 -104.05514   7.828  2.77     207      56       1     0     0     0  0.00  0.00  -1.000  -1.000  -1.000    31.50831 -104.05514   7.828
2022 10 31 11 17  2.432 183986222  31.67234 -104.49405   6.012  2.18     208       6      10     8    16    38  0.05  0.02  -1.000  -1.000  -1.000    31.66858 -104.49416   6.132
2022 10 31 20 57 23.243 184021043  31.67968 -104.19246   7.334  2.28     209      16       2     1     6     4  0.01  0.09  -1.000  -1.000  -1.000    31.67156 -104.19301   6.980
2022 10 31 21 25 59.335 184022759  31.61002 -104.26941   7.793  2.64     210      10       5     4    36    43  0.01  0.02  -1.000  -1.000  -1.000    31.61580 -104.26553   7.571
2022 10 31 22 11 52.211 184025512  31.67384 -104.37650   6.892  2.24     211       4      13     8    61    56  0.05  0.02  -1.000  -1.000  -1.000    31.67673 -104.37689   7.211
