2022  8  1  6 29 21.465 176106561  31.42180 -103.87028   4.615  2.63       1      59       1     0     0     0  0.00  0.00  -1.000  -1.000  -1.000    31.42180 -103.87028   4.615
2022  8  2 14  7 42.307 176220462  31.69197 -104.40152   6.106  2.64       2      61       1     0     0     0  0.00  0.00  -1.000  -1.000  -1.000    31.69197 -104.40152   6.106
2022  8  2 14 14 27.361 176220867  31.67729 -104.39746   7.702  2.39       3       1      21     2     2    13  0.01  0.01  -1.000  -1.000  -1.000    31.68330 -104.39229   6.157
2022  8  2 14 15 15.519 176220915  31.67908 -104.39748   7.605  2.26       4       1      21     1     3     4  0.01  0.00  -1.000  -1.000  -1.000    31.69524 -104.39347   7.597
2022  8  2 20 12  8.506 176242328  31.66280 -104.28445   3.895  2.38       5      34       1     0     0     0  0.00  0.00  -1.000  -1.000  -1.000    31.66280 -104.28445   3.895
2022  8  2 20 25 15.303 176243115  31.61581 -104.11974   7.312  1.96       6       5       7     2     9     9  0.01  0.01  -1.000  -1.000  -1.000    31.60936 -104.12803   8.728
2022  8  2 23 13 57.936 176253237  31.60514 -104.52823   5.540  2.20       7      39       1     0     0     0  0.00  0.00  -1.000  -1.000  -1.000    31.60514 -104.52823   5.540
2022  8  2 23 44  3.991 176255043  31.69321 -104.42253   6.157  2.22       8      60       1     0     0     0  0.00  0.00  -1.000  -1.000  -1.000    31.69321 -104.42253   6.157
2022  8  3  5 58 11.549 176277491  31.61676 -104.12148   7.542  2.06       9       5       7     4    16    17  0.05  0.02  -1.000  -1.000  -1.000    31.62136 -104.11412   6.157
2022  8  3 16 46 59.157 176316419  31.72411 -104.57647   5.970  2.36      10      17       3     2    11     4  0.01  0.01  -1.000  -1.000  -1.000    31.72420 -104.58440   5.129
2022  8  4  0 44  2.570 176345042  31.68727 -104.34882   5.692  2.24      11      11       4     1     4     2  0.01  0.01  -1.000  -1.000  -1.000    31.70106 -104.34398   6.157
2022  8  4  1 42 20.307 176348540  31.68557 -104.34670   5.920  2.60      12      11       4     2     7     5  0.02  0.04  -1.000  -1.000  -1.000    31.67993 -104.34273   7.905
2022  8  4  5 51 57.862 176363517  31.72150 -104.51705   4.769  3.56      13      36       1     0     0     0  0.00  0.00  -1.000  -1.000  -1.000    31.72150 -104.51705   4.769
2022  8  4 12 20 32.578 176386832  31.61766 -104.11776   7.600  2.20      14       5       7     4    21    21  0.07  0.07  -1.000  -1.000  -1.000    31.61424 -104.11542   7.366
2022  8  4 13 21 17.980 176390477  31.70580 -104.16314   7.662  2.24      15      18       3     1    13    11  0.01  0.01  -1.000  -1.000  -1.000    31.71030 -104.16527   6.466
2022  8  4 14 45 18.644 176395518  31.68212 -104.38938   6.848  2.50      16       1      21     4    21    26  0.07  0.01  -1.000  -1.000  -1.000    31.67343 -104.38978   7.263
2022  8  4 16 57 18.699 176403438  31.68163 -104.38725   6.888  2.25      17       1      21     4    22    27  0.06  0.03  -1.000  -1.000  -1.000    31.67504 -104.39006   7.597
2022  8  5  5 49 33.384 176449773  31.71495 -104.26097   7.550  2.09      18      16       3     2     5     8  0.02  0.04  -1.000  -1.000  -1.000    31.71371 -104.26196   7.931
2022  8  5 22 37 18.938 176510238  31.57143 -104.18050   7.597  2.06      19      50       1     0     0     0  0.00  0.00  -1.000  -1.000  -1.000    31.57143 -104.18050   7.597
2022  8  6  0 37 29.300 176517449  31.67965 -104.42793   7.148  1.78      20       2      14     3    11    12  0.04  0.01  -1.000  -1.000  -1.000    31.65640 -104.42865   7.905
2022  8  6 12 45 31.748 176561131  31.67873 -104.01971   4.306  2.16      21      38       1     0     0     0  0.00  0.00  -1.000  -1.000  -1.000    31.67873 -104.01971   4.306
2022  8  6 15 14  0.457 176570040  31.72453 -104.57647   6.016  2.39      22      17       3     2    12     4  0.01  0.01  -1.000  -1.000  -1.000    31.73075 -104.56939   6.569
2022  8  6 20 47 22.710 176590042  31.58515 -104.35914   7.597  2.14      23      35       1     0     0     0  0.00  0.00  -1.000  -1.000  -1.000    31.58515 -104.35914   7.597
2022  8  7  8 15 16.864 176631316  31.72872 -104.59307   6.980  3.95      24      48       1     0     0     0  0.00  0.00  -1.000  -1.000  -1.000    31.72872 -104.59307   6.980
2022  8  7  8 28 50.421 176632130  31.72229 -104.59907   6.716  2.72      25      10       4     1     4     2  0.05  0.00  -1.000  -1.000  -1.000    31.72132 -104.59945   6.157
2022  8  7  8 25 40.627 176631940  31.72561 -104.58510   7.045  2.23      26      10       4     1     3     3  0.03  0.01  -1.000  -1.000  -1.000    31.71689 -104.57894   7.803
2022  8  7  9 28 58.562 176635738  31.73336 -104.58774   6.157  2.37      27      44       1     0     0     0  0.00  0.00  -1.000  -1.000  -1.000    31.73336 -104.58774   6.157
2022  8  7 11 24  6.854 176642646  31.72442 -104.58317   6.607  2.06      28      10       4     2     6     8  0.02  0.01  -1.000  -1.000  -1.000    31.73337 -104.58666   6.054
2022  8  7 20 33  4.061 176675584  31.66864 -104.37285   7.637  1.91      29       1      21     4    16    20  0.06  0.01  -1.000  -1.000  -1.000    31.66872 -104.37170   7.083
2022  8  8  4 38 53.698 176704733  31.73748 -104.11304   7.722  3.14      30       3      11     6    39    63  0.01  0.02  -1.000  -1.000  -1.000    31.72960 -104.11503   7.880
2022  8  8 10 12 21.694 176724741  31.67872 -104.40536   7.280  1.96      31       1      21     6    38    42  0.02  0.01  -1.000  -1.000  -1.000    31.67838 -104.40651   7.674
2022  8  8 11 28 31.025 176729311  31.61974 -104.12771   7.550  2.38      32       5       7     4    18    19  0.02  0.02  -1.000  -1.000  -1.000    31.61304 -104.12590   7.700
2022  8  8 22 22 48.166 176768567  31.72196 -104.28454   7.756  2.11      33      16       3     2     6     9  0.03  0.02  -1.000  -1.000  -1.000    31.72091 -104.29110   7.777
2022  8  9  0  2 20.673 176774540  31.68049 -104.43968   6.370  2.31      34       2      14     3    10    12  0.08  0.01  -1.000  -1.000  -1.000    31.67055 -104.44331   7.648
2022  8  9  5 58  2.345 176795882  31.63100 -104.37676   6.157  2.63      35      57       1     0     0     0  0.00  0.00  -1.000  -1.000  -1.000    31.63100 -104.37676   6.157
2022  8  9 16  9 58.400 176832598  31.66491 -104.36633   7.764  2.67      36       1      21     4    17    19  0.02  0.01  -1.000  -1.000  -1.000    31.66095 -104.36464   7.546
2022  8  9 18 26 31.535 176840791  31.67158 -104.49231   7.288  2.11      37      52       1     0     0     0  0.00  0.00  -1.000  -1.000  -1.000    31.67158 -104.49231   7.288
2022  8  9 20  7 56.926 176846876  31.67848 -104.40433   7.605  2.84      38       1      21     9    42    58  0.03  0.01  -1.000  -1.000  -1.000    31.67586 -104.40514   7.803
2022  8 10  0 55 55.401 176864155  31.72597 -104.57765   6.074  2.03      39      17       3     2     9     4  0.01  0.01  -1.000  -1.000  -1.000    31.71966 -104.57681   6.363
2022  8 10  3 55 12.553 176874912  31.68004 -104.44792   6.423  2.87      40       2      14     6    28    37  0.02  0.01  -1.000  -1.000  -1.000    31.68198 -104.45150   5.746
2022  8 10 14 36 59.176 176913419  31.73089 -104.52345   6.672  2.24      41       4       8     7    69    72  0.01  0.01  -1.000  -1.000  -1.000    31.72837 -104.51981   6.157
2022  8 10 14 37 55.661 176913475  31.72721 -104.55212   6.671  2.88      42      54       1     0     0     0  0.00  0.00  -1.000  -1.000  -1.000    31.72721 -104.55212   6.671
2022  8 10 14 44 46.103 176913886  31.73115 -104.52296   6.732  2.00      43       4       8     7    70    55  0.01  0.01  -1.000  -1.000  -1.000    31.73088 -104.52172   6.132
2022  8 10 17 12 29.835 176922749  31.73036 -104.52377   6.756  2.25      44       4       8     7    35    51  0.01  0.01  -1.000  -1.000  -1.000    31.72893 -104.53679   7.366
2022  8 10 23 41 53.470 176946113  31.67896 -104.42116   6.865  3.14      45       2      14     8    35    64  0.05  0.01  -1.000  -1.000  -1.000    31.68195 -104.42269   6.697
2022  8 10 23 43 39.881 176946220  31.67871 -104.42174   7.003  2.28      46       2      14     4    22    25  0.02  0.01  -1.000  -1.000  -1.000    31.68955 -104.41927   6.054
2022  8 11  2  9 14.497 176954954  31.67956 -104.41130   6.991  2.04      47      14       3     2    12     8  0.02  0.00  -1.000  -1.000  -1.000    31.68409 -104.41168   6.157
2022  8 11  6  9 11.965 176969351  31.72185 -104.28572   7.828  2.17      48      63       1     0     0     0  0.00  0.00  -1.000  -1.000  -1.000    31.72185 -104.28572   7.828
2022  8 11  7 17 16.653 176973436  31.67925 -104.42274   6.604  4.52      49       2      14     1     8    23  0.02  0.01  -1.000  -1.000  -1.000    31.68331 -104.42540   6.646
2022  8 11 17 12 23.110 177009143  31.67570 -104.38954   7.747  1.98      50       1      21    11    36    45  0.04  0.02  -1.000  -1.000  -1.000    31.67481 -104.38979   7.520
2022  8 11 21 15 35.019 177023735  31.73066 -104.52314   6.693  2.21      51       4       8     7    47    27  0.01  0.01  -1.000  -1.000  -1.000    31.73072 -104.51283   6.826
2022  8 11 21 17  8.321 177023828  31.67494 -104.38356   7.221  2.09      52       1      21     8    32    40  0.05  0.01  -1.000  -1.000  -1.000    31.69253 -104.38591   6.157
2022  8 12  3 35 36.079 177046536  31.67031 -104.51112   7.315  2.91      53      21       2     1     3     4  0.00  0.01  -1.000  -1.000  -1.000    31.68252 -104.50534   6.877
2022  8 12  6  8 10.161 177055689  31.66890 -104.51114   7.365  2.06      54      21       2     1     3     4  0.00  0.01  -1.000  -1.000  -1.000    31.65669 -104.51692   7.803
2022  8 12 14 44 55.488 177086695  31.61571 -104.11974   7.285  2.02      55       5       7     3    12    17  0.02  0.01  -1.000  -1.000  -1.000    31.61555 -104.13049   7.520
2022  8 12 15 32  8.138 177089528  31.67315 -104.38318   7.539  2.80      56       1      21     9    46    45  0.02  0.01  -1.000  -1.000  -1.000    31.68057 -104.38688   7.391
2022  8 12 22 32 20.370 177114740  31.67278 -104.38123   7.373  2.66      57       1      21    12    62    67  0.05  0.03  -1.000  -1.000  -1.000    31.66935 -104.38167   7.880
2022  8 12 23  0 42.200 177116442  31.74881 -104.18384   6.980  1.93      58      42       1     0     0     0  0.00  0.00  -1.000  -1.000  -1.000    31.74881 -104.18384   6.980
2022  8 13 16 21 16.421 177178876  31.67993 -104.38256   6.818  2.16      59       1      21     2     7    10  0.01  0.01  -1.000  -1.000  -1.000    31.65948 -104.37916   7.597
2022  8 13 20 39 48.742 177194388  31.60933 -104.23705   7.008  2.90      60       9       4     3    22     9  0.01  0.01  -1.000  -1.000  -1.000    31.61620 -104.23460   7.905
2022  8 14 15 55  3.989 177263703  31.67956 -104.41010   6.967  2.19      61      14       3     2    10     8  0.02  0.00  -1.000  -1.000  -1.000    31.67400 -104.40836   7.597
2022  8 14 17 11 36.230 177268296  31.66006 -104.25072   7.975  2.35      62      24       2     1    10     5  0.00  0.01  -1.000  -1.000  -1.000    31.66206 -104.25323   8.008
2022  8 14 22 35 37.974 177287737  31.73532 -104.11028   7.989  2.69      63       3      11     8    84    99  0.02  0.20  -1.000  -1.000  -1.000    31.73743 -104.11023   8.394
2022  8 14 22 55 52.984 177288953  31.73516 -104.11061   8.075  2.21      64       3      11     7    42    46  0.02  0.01  -1.000  -1.000  -1.000    31.73444 -104.11156   8.008
2022  8 15  3 29 46.158 177305386  31.73719 -104.11247   7.750  2.59      65       3      11     9    70    90  0.02  0.01  -1.000  -1.000  -1.000    31.73835 -104.10970   7.520
2022  8 15  4 26 35.873 177308795  31.73547 -104.10918   7.794  2.19      66       3      11     8    68    81  0.02  0.01  -1.000  -1.000  -1.000    31.73514 -104.10698   8.034
2022  8 15  6 18  1.896 177315481  31.73613 -104.11144   7.856  3.34      67       3      11     8    96   109  0.01  0.19  -1.000  -1.000  -1.000    31.73513 -104.11022   8.085
2022  8 15 10 58 29.607 177332309  31.60986 -104.23730   7.016  2.28      68       9       4     2    14     8  0.01  0.01  -1.000  -1.000  -1.000    31.60422 -104.23989   7.288
2022  8 15 14 39 14.807 177345554  31.73858 -104.11128   7.509  2.06      69       3      11     1     6     3  0.00  0.01  -1.000  -1.000  -1.000    31.73902 -104.11374   7.597
2022  8 15 23 39 34.828 177377974  31.64647 -104.40057   6.980  3.05      70      30       1     0     0     0  0.00  0.00  -1.000  -1.000  -1.000    31.64647 -104.40057   6.980
2022  8 16  5 12 17.474 177397937  31.67472 -104.37905   7.142  2.06      71       1      21     4    17    22  0.03  0.01  -1.000  -1.000  -1.000    31.67052 -104.37710   7.803
2022  8 16  6 33 20.163 177402799  31.73543 -104.11053   8.018  1.97      72       3      11     8    54    65  0.02  0.01  -1.000  -1.000  -1.000    31.73814 -104.10512   7.803
2022  8 16 10 11 46.245 177415905  31.73903 -104.11280   7.499  2.12      73       3      11     2     9     6  0.01  0.02  -1.000  -1.000  -1.000    31.73508 -104.12207   7.211
2022  8 16 11 30 37.249 177420637  31.66294 -104.28097   7.032  1.95      74      20       2     1    13     9  0.01  0.00  -1.000  -1.000  -1.000    31.67040 -104.28209   7.006
2022  8 16 11 58 55.266 177422335  31.66294 -104.28121   7.057  2.24      75      20       2     1    13     9  0.01  0.00  -1.000  -1.000  -1.000    31.65547 -104.28009   7.083
2022  8 16 19 27 57.029 177449277  31.60944 -104.12949   8.015  2.28      76       5       7     3    10    13  0.11  0.13  -1.000  -1.000  -1.000    31.62411 -104.11736   8.008
2022  8 17  2 27  7.034 177474427  31.65672 -104.41911   7.136  1.95      77       2      14     1     8     8  0.01  0.01  -1.000  -1.000  -1.000    31.65834 -104.41360   6.157
2022  8 17  6 40 26.589 177489626  31.72619 -104.58537   6.626  2.10      78      10       4     2     7     7  0.04  0.01  -1.000  -1.000  -1.000    31.72693 -104.58767   6.980
2022  8 17 13 51 48.814 177515508  31.56320 -104.17077   7.700  2.02      79      26       1     0     0     0  0.00  0.00  -1.000  -1.000  -1.000    31.56320 -104.17077   7.700
2022  8 17 19 27 28.216 177535648  31.59964 -104.52494   7.186  2.34      80      41       1     0     0     0  0.00  0.00  -1.000  -1.000  -1.000    31.59964 -104.52494   7.186
2022  8 18 22 21 36.922 177632496  31.61560 -104.11701   7.361  2.07      81       5       7     6    18    38  0.02  0.06  -1.000  -1.000  -1.000    31.61306 -104.12160   7.186
2022  8 19  5  6 29.702 177656789  31.67614 -104.39108   7.390  2.40      82       1      21     7    38    25  0.02  0.01  -1.000  -1.000  -1.000    31.66862 -104.38785   7.905
2022  8 19  7  7 46.816 177664066  31.65894 -104.31672   7.597  2.45      83      40       1     0     0     0  0.00  0.00  -1.000  -1.000  -1.000    31.65894 -104.31672   7.597
2022  8 19 16  8 49.318 177696529  31.65271 -104.24566   7.365  2.30      84      15       3     2    12     9  0.01  0.01  -1.000  -1.000  -1.000    31.64459 -104.25418   7.083
2022  8 20 19 11 38.441 177793898  31.65214 -104.37694   7.391  2.35      85      27       1     0     0     0  0.00  0.00  -1.000  -1.000  -1.000    31.65214 -104.37694   7.391
2022  8 20 23 15 40.404 177808540  31.61086 -104.24343   6.132  2.14      86      31       1     0     0     0  0.00  0.00  -1.000  -1.000  -1.000    31.61086 -104.24343   6.132
2022  8 20 23 34 25.948 177809665  31.64721 -104.27787   6.466  1.95      87      28       1     0     0     0  0.00  0.00  -1.000  -1.000  -1.000    31.64721 -104.27787   6.466
2022  8 21  9 56 44.131 177847004  31.67933 -104.42690   7.482  2.02      88       2      14     2    10     8  0.02  0.02  -1.000  -1.000  -1.000    31.69044 -104.42358   6.054
2022  8 21 16  4 14.383 177869054  31.70616 -104.16458   7.635  2.58      89      18       3     2    16    14  0.01  0.01  -1.000  -1.000  -1.000    31.70823 -104.16553   8.034
2022  8 21 18 59 39.184 177879579  31.52548 -104.17002   7.100  2.45      90      13       3     2    26    21  0.01  0.01  -1.000  -1.000  -1.000    31.53104 -104.16948   7.597
2022  8 22  3 41 19.389 177910879  31.69960 -104.49528   6.414  2.01      91      32       1     0     0     0  0.00  0.00  -1.000  -1.000  -1.000    31.69960 -104.49528   6.414
2022  8 22 15 14 36.111 177952476  31.68071 -104.41623   7.033  2.23      92      14       3     2     8     6  0.03  0.00  -1.000  -1.000  -1.000    31.68175 -104.41758   7.237
2022  8 22 15 37 38.449 177953858  31.60137 -103.99968   7.452  2.82      93      22       2     1     3     5  0.01  0.02  -1.000  -1.000  -1.000    31.61082 -103.98710   7.288
2022  8 22 15 42 40.830 177954160  31.60274 -103.99380   7.227  2.12      94      22       2     1     3     5  0.01  0.02  -1.000  -1.000  -1.000    31.59329 -104.00638   7.391
2022  8 22 17 36 14.268 177960974  31.73414 -104.10791   8.312  2.04      95       3      11     7    26    43  0.04  0.01  -1.000  -1.000  -1.000    31.73974 -104.10755   8.034
2022  8 22 19  0 33.141 177966033  31.71591 -104.17912   7.108  2.16      96      18       3     1     3     3  0.03  0.01  -1.000  -1.000  -1.000    31.70933 -104.17603   7.905
2022  8 23  6  1  6.562 178005666  31.64495 -104.45405   7.213  2.53      97      19       2     1     2     4  0.09  0.00  -1.000  -1.000  -1.000    31.63599 -104.45644   7.700
2022  8 23  6 29 57.934 178007397  31.59305 -104.00934   7.880  2.41      98      37       1     0     0     0  0.00  0.00  -1.000  -1.000  -1.000    31.59305 -104.00934   7.880
2022  8 23 12 38 58.043 178029538  31.64815 -104.57162   7.030  2.79      99      23       2     1     5     3  0.01  0.01  -1.000  -1.000  -1.000    31.65633 -104.56536   7.700
2022  8 23 15 10  5.898 178038605  31.56852 -104.00607   7.719  1.97     100       6       4     3    15    20  0.01  0.09  -1.000  -1.000  -1.000    31.56729 -104.01405   7.880
2022  8 23 19 40 48.699 178054848  31.74999 -104.20216   7.738  1.94     101      12       3     2     9    11  0.01  0.01  -1.000  -1.000  -1.000    31.74761 -104.19487   7.571
2022  8 24  1 38 35.840 178076315  31.66524 -104.51082   9.525  1.36     102      46       1     0     0     0  0.00  0.00  -1.000  -1.000  -1.000    31.66524 -104.51082   9.525
2022  8 24  3 54  6.093 178084446  31.66541 -104.36435   7.547  2.40     103       1      21     4    20    21  0.05  0.01  -1.000  -1.000  -1.000    31.66854 -104.36390   7.571
2022  8 24  4 24 57.286 178086297  31.52529 -104.17187   7.124  2.28     104      13       3     2    22    12  0.01  0.00  -1.000  -1.000  -1.000    31.51911 -104.16511   7.905
2022  8 24 14  3 37.372 178121017  31.52509 -104.17048   7.101  2.18     105      13       3     2    20    17  0.01  0.01  -1.000  -1.000  -1.000    31.52571 -104.17778   5.823
2022  8 24 18 56 14.337 178138574  31.61569 -104.10044   7.513  2.08     106       7       4     2    17    15  0.01  0.01  -1.000  -1.000  -1.000    31.61800 -104.09446   7.314
2022  8 24 21 41 44.512 178148504  31.61457 -104.09948   7.463  2.22     107       7       4     2    13    14  0.01  0.01  -1.000  -1.000  -1.000    31.61567 -104.10198   7.623
2022  8 24 22 24  7.200 178151047  31.65291 -104.24032   7.662  2.22     108      15       3     2    18    13  0.01  0.01  -1.000  -1.000  -1.000    31.65337 -104.24509   7.648
2022  8 24 22 29 53.646 178151393  31.65270 -104.23959   7.609  2.04     109      15       3     2    18    12  0.01  0.01  -1.000  -1.000  -1.000    31.66036 -104.22630   7.905
2022  8 25  6 35 28.164 178180528  31.60609 -103.95561   3.766  0.92     110      33       1     0     0     0  0.00  0.00  -1.000  -1.000  -1.000    31.60609 -103.95561   3.766
2022  8 25 12  6 31.846 178200391  31.70949 -104.49296   8.445  1.50     111      43       1     0     0     0  0.00  0.00  -1.000  -1.000  -1.000    31.70949 -104.49296   8.445
2022  8 25 12 26 46.585 178201606  31.67017 -104.46511   8.702  1.03     112      47       1     0     0     0  0.00  0.00  -1.000  -1.000  -1.000    31.67017 -104.46511   8.702
2022  8 25 12 49 17.768 178202957  31.67977 -104.45068   6.531  2.26     113       2      14     6    41    41  0.02  0.01  -1.000  -1.000  -1.000    31.67580 -104.44740   6.903
2022  8 25 12 51 30.574 178203090  31.67955 -104.45111   6.660  2.31     114       2      14     3    18    28  0.01  0.01  -1.000  -1.000  -1.000    31.67952 -104.44205   6.851
2022  8 25 13 28  4.718 178205284  31.67934 -104.45203   6.703  2.02     115       2      14     3    25    23  0.01  0.01  -1.000  -1.000  -1.000    31.67415 -104.45411   7.854
2022  8 25 13 51 51.584 178206711  31.61690 -104.10345   7.613  2.04     116       7       4     3    15    19  0.02  0.01  -1.000  -1.000  -1.000    31.61406 -104.10332   7.905
2022  8 25 15  3 32.795 178211012  31.63652 -103.99690   7.391  2.12     117      45       1     0     0     0  0.00  0.00  -1.000  -1.000  -1.000    31.63652 -103.99690   7.391
2022  8 25 15 17 13.176 178211832  31.67945 -104.44915   6.577  2.11     118       2      14     2    14     2  0.01  0.00  -1.000  -1.000  -1.000    31.67180 -104.46109   7.803
2022  8 25 18 46  8.669 178224368  31.75154 -104.20457   7.606  2.02     119      12       3     2     7     8  0.01  0.01  -1.000  -1.000  -1.000    31.75210 -104.21538   7.571
2022  8 26  3 45 53.656 178256753  31.64644 -104.57666   7.084  2.25     120      23       2     1     5     3  0.01  0.01  -1.000  -1.000  -1.000    31.63826 -104.58292   6.414
2022  8 26  5 43 47.306 178263827  31.61028 -104.09456   8.183  1.91     121       7       4     1     1     6  0.03  0.02  -1.000  -1.000  -1.000    31.60971 -104.09818   7.931
2022  8 26  9 40 49.361 178278049  31.73112 -104.52309   6.586  2.72     122       4       8     7    65    72  0.01  0.01  -1.000  -1.000  -1.000    31.73465 -104.50991   5.309
2022  8 26 12  6 27.404 178286787  31.74900 -104.19950   7.729  2.08     123      12       3     2    10    13  0.01  0.01  -1.000  -1.000  -1.000    31.75082 -104.19597   7.931
2022  8 26 13 40 38.924 178292438  31.56706 -104.00427   7.740  2.45     124       6       4     3    30    23  0.01  0.00  -1.000  -1.000  -1.000    31.57035 -103.99444   7.288
2022  8 26 17 58 11.983 178307891  31.56556 -104.00305   7.728  2.24     125       6       4     3    25    21  0.01  0.05  -1.000  -1.000  -1.000    31.56367 -103.99898   7.777
2022  8 27  1 39 38.306 178335578  31.71569 -104.31799   7.623  2.27     126      51       1     0     0     0  0.00  0.00  -1.000  -1.000  -1.000    31.71569 -104.31799   7.623
2022  8 27  3 35 27.491 178342527  31.59403 -104.24379   7.342  2.23     127       9       4     2    17     5  0.02  0.01  -1.000  -1.000  -1.000    31.59317 -104.24411   5.540
2022  8 27  3 54 11.508 178343651  31.72854 -104.52581   6.920  1.98     128       4       8     7    43    41  0.01  0.01  -1.000  -1.000  -1.000    31.73015 -104.52737   7.288
2022  8 27 11 10 13.498 178369813  31.59538 -104.24351   7.169  2.60     129       9       4     3    25     6  0.02  0.01  -1.000  -1.000  -1.000    31.59501 -104.24305   7.803
2022  8 28  9 44 18.989 178451058  31.56955 -104.00571   7.765  2.41     130       6       4     3    14    12  0.01  0.14  -1.000  -1.000  -1.000    31.56937 -104.01164   8.008
2022  8 28 18  7  1.514 178481221  31.72331 -104.27930   7.613  2.02     131      16       3     2     5     9  0.02  0.03  -1.000  -1.000  -1.000    31.72561 -104.27175   7.211
2022  8 28 21 15 56.944 178492556  31.73649 -104.11291   7.973  2.28     132       3      11     8    64    65  0.02  0.02  -1.000  -1.000  -1.000    31.73835 -104.11024   7.931
2022  8 28 21 31 56.365 178493516  31.70859 -104.10255   6.939  3.10     133       8       4     3    11    18  0.08  0.08  -1.000  -1.000  -1.000    31.70692 -104.09740   6.877
2022  8 28 21 37 11.702 178493831  31.70787 -104.09728   6.967  2.24     134       8       4     3    25    29  0.04  0.03  -1.000  -1.000  -1.000    31.71061 -104.09526   7.083
2022  8 28 21 57 46.935 178495066  31.61770 -104.29594   7.803  2.41     135      53       1     0     0     0  0.00  0.00  -1.000  -1.000  -1.000    31.61770 -104.29594   7.803
2022  8 28 23  7 46.457 178499266  31.65672 -104.41998   6.954  2.08     136       2      14     3    14    14  0.02  0.01  -1.000  -1.000  -1.000    31.67648 -104.41511   5.720
2022  8 28 23 38  3.879 178501083  31.70831 -104.14668   7.777  1.97     137      56       1     0     0     0  0.00  0.00  -1.000  -1.000  -1.000    31.70831 -104.14668   7.777
2022  8 29  7  7 37.867 178528057  31.69610 -104.36575   7.520  2.21     138      55       1     0     0     0  0.00  0.00  -1.000  -1.000  -1.000    31.69610 -104.36575   7.520
2022  8 29 11  2  2.672 178542122  31.70721 -104.09444   7.004  2.68     139       8       4     3    22    27  0.04  0.05  -1.000  -1.000  -1.000    31.70853 -104.09660   7.674
2022  8 29 16 15 29.171 178560928  31.67874 -104.40272   7.329  2.50     140       1      21     8    48    54  0.01  0.01  -1.000  -1.000  -1.000    31.67632 -104.40461   7.648
2022  8 29 16 21 48.109 178561308  31.67860 -104.40238   7.365  1.99     141       1      21     8    52    58  0.02  0.01  -1.000  -1.000  -1.000    31.67980 -104.39899   6.286
2022  8 29 17  1 10.557 178563670  31.67890 -104.40090   7.272  2.37     142       1      21     8    43    57  0.02  0.01  -1.000  -1.000  -1.000    31.67678 -104.40515   7.803
2022  8 29 17  5 33.003 178563932  31.67817 -104.39908   7.364  2.26     143       1      21    12    67    69  0.01  0.01  -1.000  -1.000  -1.000    31.68595 -104.40846   8.008
2022  8 29 19  6 59.127 178571219  31.67822 -104.40146   7.551  2.02     144       1      21     7    33    42  0.03  0.01  -1.000  -1.000  -1.000    31.68211 -104.39847   6.697
2022  8 29 19 25 56.539 178572356  31.71647 -104.17096   7.880  2.01     145      62       1     0     0     0  0.00  0.00  -1.000  -1.000  -1.000    31.71647 -104.17096   7.880
2022  8 29 20 52 25.813 178577545  31.54311 -104.14268   6.157  2.55     146      29       1     0     0     0  0.00  0.00  -1.000  -1.000  -1.000    31.54311 -104.14268   6.157
2022  8 30  2 56 36.730 178599396  31.66063 -104.25222   7.861  1.95     147      24       2     1    10     5  0.00  0.01  -1.000  -1.000  -1.000    31.65863 -104.24971   7.828
2022  8 30 12 38 12.441 178634292  31.73105 -104.52308   6.569  2.40     148       4       8     7    60    67  0.01  0.01  -1.000  -1.000  -1.000    31.73127 -104.53088   7.006
2022  8 30 16 53 42.781 178649622  31.66137 -104.50620   7.905  2.36     149      25       1     0     0     0  0.00  0.00  -1.000  -1.000  -1.000    31.66137 -104.50620   7.905
2022  8 30 17 49 40.670 178652980  31.72950 -104.52460   7.061  2.25     150       4       8     7    41    61  0.03  0.01  -1.000  -1.000  -1.000    31.72829 -104.53058   7.905
2022  8 30 20 49 52.698 178663792  31.70862 -104.09265   6.958  3.38     151       8       4     3    14    16  0.07  0.06  -1.000  -1.000  -1.000    31.70623 -104.09766   6.234
2022  8 31  6  1 13.249 178696873  31.67871 -104.42134   6.947  1.80     152       2      14     3    18    17  0.02  0.01  -1.000  -1.000  -1.000    31.67642 -104.42372   7.366
2022  8 31  7 36 46.019 178702605  31.68739 -104.33618   8.223  2.02     153      11       4     2    12     7  0.01  0.03  -1.000  -1.000  -1.000    31.68638 -104.34063   7.905
2022  8 31  7 42  4.067 178702923  31.68765 -104.33716   8.225  1.95     154      11       4     1     9     4  0.01  0.00  -1.000  -1.000  -1.000    31.68051 -104.34152   6.093
2022  8 31 11 43 43.959 178717423  31.65185 -104.31155   6.903  2.07     155      58       1     0     0     0  0.00  0.00  -1.000  -1.000  -1.000    31.65185 -104.31155   6.903
2022  8 31 11 59 54.691 178718394  31.64486 -104.47138   6.696  2.51     156      19       2     1     2     4  0.09  0.00  -1.000  -1.000  -1.000    31.65382 -104.46899   6.209
2022  8 31 12 33 38.286 178720418  31.60066 -103.99996   6.157  2.07     157      49       1     0     0     0  0.00  0.00  -1.000  -1.000  -1.000    31.60066 -103.99996   6.157
