2022  9  1  6  1 46.780 178783306  31.61403 -104.27439   6.918  2.46       1       4       9     7    25    54  0.04  0.06  -1.000  -1.000  -1.000    31.61208 -104.27357   7.366
2022  9  1  7 17  7.803 178787827  31.71818 -104.54192   6.317  2.14       2      23       2     1     7     0  0.02  0.00  -1.000  -1.000  -1.000    31.72251 -104.53456   5.463
2022  9  1  9 18 19.077 178795099  31.67335 -104.38455   7.481  1.93       3       1      38     7    32    29  0.02  0.01  -1.000  -1.000  -1.000    31.67693 -104.38147   6.157
2022  9  1 16 17 28.297 178820247  31.60752 -103.99542   7.319  3.71       4       2      32    11    10    74  0.08  0.14  -1.000  -1.000  -1.000    31.60155 -104.00857   6.157
2022  9  1 16 20 13.786 178820413  31.60667 -103.98499   7.273  1.96       5       2      32    10    13    53  0.02  0.03  -1.000  -1.000  -1.000    31.61153 -103.97984   7.263
2022  9  1 16 23 29.487 178820609  31.62460 -103.98931   6.569  4.45       6      49       1     0     0     0  0.00  0.00  -1.000  -1.000  -1.000    31.62460 -103.98931   6.569
2022  9  1 16 28 13.446 178820893  31.60698 -103.97639   7.388  2.27       7       2      32    13    41    48  0.03  0.03  -1.000  -1.000  -1.000    31.61293 -103.97500   7.983
2022  9  1 17  1 17.617 178822877  31.60830 -103.96764   6.318  2.30       8       2      32     1     4     2  0.10  0.01  -1.000  -1.000  -1.000    31.61731 -103.96991   7.700
2022  9  1 17 11 23.090 178823482  31.61416 -104.27280   7.147  2.31       9       4       9     5    22    37  0.01  0.02  -1.000  -1.000  -1.000    31.60126 -104.27645   6.466
2022  9  1 18  4 18.956 178826658  31.60516 -103.99912   8.006  2.09      10       2      32    18    69   136  0.03  0.06  -1.000  -1.000  -1.000    31.62825 -103.99686   6.774
2022  9  1 22  7 20.021 178841239  31.68146 -104.40645   6.324  2.92      11       1      38    18    71   102  0.04  0.02  -1.000  -1.000  -1.000    31.68134 -104.40950   7.597
2022  9  1 22 22 31.568 178842151  31.68164 -104.40611   6.188  1.94      12       1      38     8    42    29  0.04  0.01  -1.000  -1.000  -1.000    31.68755 -104.40875   5.772
2022  9  2  0  7 37.355 178848457  31.60458 -103.98880   7.944  4.09      13       2      32    15    52   120  0.02  0.08  -1.000  -1.000  -1.000    31.59238 -104.00207   6.157
2022  9  2  1 15 49.787 178852549  31.52929 -104.17860   6.640  2.06      14       8       4     3    15    16  0.01  0.00  -1.000  -1.000  -1.000    31.53586 -104.17032   6.132
2022  9  2  1 23 32.593 178853012  31.61297 -104.27090   7.045  2.05      15       4       9     7    45    62  0.02  0.02  -1.000  -1.000  -1.000    31.61507 -104.27225   7.597
2022  9  2  2 35 14.675 178857314  31.56763 -104.16572   6.807  2.20      16      19       2     1     9     7  0.02  0.01  -1.000  -1.000  -1.000    31.56666 -104.16891   6.132
2022  9  2  3 30 46.440 178860646  31.61265 -104.26841   7.174  2.44      17       4       9     7    35    40  0.01  0.01  -1.000  -1.000  -1.000    31.60590 -104.26895   6.980
2022  9  2  3 44 31.133 178861471  31.52913 -104.18173   6.635  1.85      18       8       4     2    12    11  0.01  0.01  -1.000  -1.000  -1.000    31.53258 -104.18212   6.132
2022  9  2  3 45  7.826 178861507  31.61270 -104.26814   7.023  2.16      19       4       9     7    28    50  0.07  0.05  -1.000  -1.000  -1.000    31.62266 -104.27204   7.674
2022  9  2  4 34 10.339 178864450  31.68083 -104.40263   6.308  2.00      20       1      38    12    61    51  0.07  0.01  -1.000  -1.000  -1.000    31.67586 -104.40514   7.597
2022  9  2  4 55 16.003 178865715  31.60514 -103.98398   8.148  3.47      21       2      32    28   152   196  0.03  0.07  -1.000  -1.000  -1.000    31.58225 -104.00740   7.803
2022  9  2  6 45 15.258 178872315  31.68038 -104.40481   6.575  2.11      22       1      38     9    23    48  0.04  0.02  -1.000  -1.000  -1.000    31.68045 -104.40518   5.335
2022  9  2  7  3 36.650 178873416  31.73520 -104.58776   5.540  2.20      23      50       1     0     0     0  0.00  0.00  -1.000  -1.000  -1.000    31.73520 -104.58776   5.540
2022  9  2  7 10 26.937 178873826  31.61238 -104.26717   7.015  2.14      24       4       9     6    35    41  0.06  0.03  -1.000  -1.000  -1.000    31.60129 -104.27214   7.700
2022  9  2  8 18 19.219 178877899  31.61260 -104.26702   6.983  1.97      25       4       9     3    22    22  0.02  0.02  -1.000  -1.000  -1.000    31.62156 -104.26369   6.157
2022  9  2  8 35 17.133 178878917  31.68114 -104.40188   6.143  1.99      26       1      38     6    26    28  0.02  0.01  -1.000  -1.000  -1.000    31.67657 -104.40111   6.132
2022  9  2 10 28 48.776 178885728  31.60635 -103.97589   7.822  2.19      27       2      32    15    70    54  0.04  0.04  -1.000  -1.000  -1.000    31.60627 -103.97309   7.905
2022  9  2 20  1 36.293 178920095  31.60549 -103.98506   7.925  2.45      28       2      32    28   157   160  0.03  0.04  -1.000  -1.000  -1.000    31.60120 -103.97791   7.443
2022  9  2 22 30 43.085 178929043  31.71743 -104.58860   7.008  2.24      29      24       2     1     8     3  0.00  0.00  -1.000  -1.000  -1.000    31.71891 -104.58515   6.491
2022  9  3  0 44 57.252 178937097  31.60428 -103.99650   8.042  2.97      30       2      32    26   123   202  0.04  0.08  -1.000  -1.000  -1.000    31.60066 -104.00104   7.597
2022  9  3  4 10 38.467 178949438  31.62184 -104.33390   7.931  2.43      31      35       1     0     0     0  0.00  0.00  -1.000  -1.000  -1.000    31.62184 -104.33390   7.931
2022  9  3  8 25 22.849 178964722  31.55755 -104.03928   6.389  2.97      32      51       1     0     0     0  0.00  0.00  -1.000  -1.000  -1.000    31.55755 -104.03928   6.389
2022  9  3 10 47 23.513 178973243  31.60650 -103.97632   8.186  2.36      33       2      32    21   104   103  0.04  0.09  -1.000  -1.000  -1.000    31.59611 -103.98596   7.905
2022  9  3 11 25 32.890 178975532  31.60053 -104.24201   6.260  2.55      34      46       1     0     0     0  0.00  0.00  -1.000  -1.000  -1.000    31.60053 -104.24201   6.260
2022  9  3 12 14 41.257 178978481  31.67515 -104.19130   7.663  2.36      35      13       3     2    14     9  0.01  0.01  -1.000  -1.000  -1.000    31.67250 -104.18763   7.597
2022  9  4  3 30 38.772 179033438  31.71735 -104.58732   6.977  2.09      36      24       2     1     8     3  0.00  0.00  -1.000  -1.000  -1.000    31.71587 -104.59077   7.494
2022  9  4 10 33 25.349 179058805  31.67968 -104.40522   6.975  2.03      37       1      38    28   126   161  0.06  0.02  -1.000  -1.000  -1.000    31.68253 -104.40386   7.983
2022  9  4 17 55 19.871 179085319  31.60402 -103.99412   8.105  2.03      38       2      32    13    47    80  0.04  0.06  -1.000  -1.000  -1.000    31.59607 -103.99779   7.905
2022  9  5  6  8 51.408 179129331  31.69452 -104.36638   7.339  2.16      39      25       2     1    10     3  0.00  0.00  -1.000  -1.000  -1.000    31.69540 -104.36763   7.186
2022  9  5  9  5 15.975 179139916  31.67844 -104.40150   7.364  2.02      40       1      38    11    55    52  0.02  0.01  -1.000  -1.000  -1.000    31.68715 -104.40013   6.080
2022  9  5 17  5 43.666 179168743  31.60417 -103.98321   8.238  2.11      41       2      32    25   109   179  0.03  0.04  -1.000  -1.000  -1.000    31.59987 -103.96015   5.232
2022  9  5 19 38 30.716 179177910  31.66392 -104.32914   6.209  2.33      42      36       1     0     0     0  0.00  0.00  -1.000  -1.000  -1.000    31.66392 -104.32914   6.209
2022  9  5 19 40  4.054 179178004  31.60528 -103.98481   7.897  2.10      43       2      32    19    61   131  0.04  0.05  -1.000  -1.000  -1.000    31.61151 -103.98522   7.777
2022  9  6  2 19 14.860 179201954  31.60497 -103.98606   8.144  2.31      44       2      32    28   140   214  0.03  0.06  -1.000  -1.000  -1.000    31.60968 -103.98360   9.114
2022  9  6  7 14 22.928 179219662  31.72816 -104.53530   6.614  1.85      45      23       2     1     7     0  0.02  0.00  -1.000  -1.000  -1.000    31.72383 -104.54266   7.468
2022  9  6 22  1 17.792 179272877  31.55997 -104.14316   6.505  2.05      46      26       2     1    15     3  0.00  0.00  -1.000  -1.000  -1.000    31.55571 -104.15163   5.823
2022  9  6 22 10 41.018 179273441  31.55957 -104.14322   6.555  2.19      47      26       2     1    15     3  0.00  0.00  -1.000  -1.000  -1.000    31.56383 -104.13475   7.237
2022  9  7  0  9 40.474 179280580  31.67787 -104.40195   7.672  2.24      48       1      38    10    47    57  0.02  0.01  -1.000  -1.000  -1.000    31.67518 -104.40271   8.034
2022  9  7  0 13 53.471 179280833  31.65650 -104.30468   7.256  2.50      49      12       3     1    10     6  0.01  0.01  -1.000  -1.000  -1.000    31.65418 -104.30618   6.132
2022  9  7  0 28  3.721 179281683  31.67005 -104.30281   7.905  3.03      50      34       1     0     0     0  0.00  0.00  -1.000  -1.000  -1.000    31.67005 -104.30281   7.905
2022  9  7  1 43 37.147 179286217  31.36250 -103.74803   5.714  2.10      51      22       2     1     8     3  0.01  0.01  -1.000  -1.000  -1.000    31.36575 -103.73891   5.463
2022  9  7 14  5 58.553 179330758  31.66147 -104.31050   7.200  2.09      52       3      21     4    31    13  0.03  0.02  -1.000  -1.000  -1.000    31.65550 -104.31588   7.006
2022  9  7 20 34 33.353 179354073  31.60333 -103.98119   8.385  2.42      53       2      32    19    64   111  0.11  0.03  -1.000  -1.000  -1.000    31.60624 -103.98277   7.803
2022  9  7 21 20 24.366 179356824  31.71583 -104.27911   6.398  2.01      54      14       3     1     3     3  0.02  0.04  -1.000  -1.000  -1.000    31.71918 -104.27170   7.623
2022  9  7 23 12 28.840 179363548  31.65933 -104.30181   7.601  2.69      55       3      21    12   101    65  0.02  0.02  -1.000  -1.000  -1.000    31.66156 -104.30032   7.828
2022  9  7 23 39 48.216 179365188  31.65933 -104.30257   7.575  2.33      56       3      21    14   109    44  0.02  0.02  -1.000  -1.000  -1.000    31.65513 -104.30027   7.417
2022  9  8  2 16  3.630 179374563  31.67743 -104.39578   7.287  2.92      57       1      38    25   119   151  0.04  0.02  -1.000  -1.000  -1.000    31.67521 -104.39841   7.057
2022  9  8  2 18 44.358 179374724  31.67696 -104.39561   7.456  1.89      58       1      38    20    93   116  0.06  0.03  -1.000  -1.000  -1.000    31.68215 -104.39093   7.777
2022  9  8  7 50  6.131 179394606  31.68367 -104.31642   7.587  2.18      59       3      21     1     5     2  0.00  0.01  -1.000  -1.000  -1.000    31.69597 -104.31083   7.828
2022  9  8 10 41 58.317 179404918  31.73474 -104.09846   7.858  2.18      60       7       5     4    26    27  0.05  0.03  -1.000  -1.000  -1.000    31.73610 -104.09837   7.828
2022  9  8 19  1 56.319 179434916  31.66215 -104.30866   6.932  2.06      61       3      21     9    68    42  0.04  0.05  -1.000  -1.000  -1.000    31.66634 -104.30924   8.008
2022  9  8 23  8 32.465 179449712  31.68306 -104.38929   7.458  2.95      62      18       3     2     5     8  0.02  0.02  -1.000  -1.000  -1.000    31.68260 -104.39309   7.777
2022  9  9  0 36 20.576 179454980  31.66200 -104.33723   6.947  2.00      63      20       2     1     9     5  0.00  0.01  -1.000  -1.000  -1.000    31.66870 -104.33806   7.828
2022  9  9  2 37  8.006 179462227  31.68207 -104.39503   7.411  2.00      64      18       3     1     3     3  0.02  0.03  -1.000  -1.000  -1.000    31.68399 -104.39203   7.777
2022  9  9  9 57  2.129 179488622  31.60519 -103.98519   8.158  2.17      65       2      32    28   134   197  0.02  0.04  -1.000  -1.000  -1.000    31.61660 -103.97556   7.725
2022  9  9 10  1 45.721 179488905  31.73582 -104.10454   8.214  2.28      66       7       5     4    16    27  0.02  0.02  -1.000  -1.000  -1.000    31.73811 -104.11158   8.008
2022  9  9 22 53  4.086 179535183  31.60440 -103.99800   8.164  2.87      67       2      32    17    59   112  0.03  0.07  -1.000  -1.000  -1.000    31.60430 -104.01074   6.157
2022  9 10  4  0 51.819 179553651  31.65448 -104.29092   8.833  2.13      68       3      21     6    29    13  0.02  0.06  -1.000  -1.000  -1.000    31.65726 -104.28979   8.008
2022  9 10  4 44  7.358 179556247  31.68070 -104.38943   6.183  2.15      69       1      38     1     2     4  0.03  0.01  -1.000  -1.000  -1.000    31.67042 -104.39325   7.905
2022  9 10 11  6 34.449 179579194  31.71849 -104.29667   7.529  2.08      70      21       2     1     4     4  0.03  0.00  -1.000  -1.000  -1.000    31.71513 -104.29671   7.905
2022  9 10 17 47 53.139 179603273  31.58869 -104.00636   4.306  2.26      71      31       1     0     0     0  0.00  0.00  -1.000  -1.000  -1.000    31.58869 -104.00636   4.306
2022  9 11  6  5 21.968 179647521  31.68449 -104.43115   6.057  2.32      72       1      38     9    34    35  0.05  0.04  -1.000  -1.000  -1.000    31.68743 -104.42813   6.491
2022  9 11  6 29 48.918 179648988  31.66081 -104.30467   7.076  2.28      73       3      21     6    56    22  0.02  0.01  -1.000  -1.000  -1.000    31.65810 -104.30379   7.905
2022  9 11  6 39 42.778 179649582  31.66064 -104.30482   7.208  2.06      74       3      21    15   105    61  0.03  0.02  -1.000  -1.000  -1.000    31.65970 -104.30515   7.211
2022  9 11 12 49 55.149 179671794  31.66120 -104.30544   6.887  2.30      75       3      21     6    53    16  0.01  0.01  -1.000  -1.000  -1.000    31.64614 -104.30477   7.803
2022  9 11 21 18 34.795 179702314  31.60695 -103.97536   8.232  2.81      76       2      32     9    33    30  0.07  0.20  -1.000  -1.000  -1.000    31.59520 -103.98488   7.905
2022  9 11 23 12  1.101 179709121  31.60423 -103.98038   8.398  2.56      77       2      32    11    43    45  0.03  0.04  -1.000  -1.000  -1.000    31.59615 -103.97627   6.157
2022  9 12  5 18 33.123 179731113  31.60632 -104.00356   7.500  2.52      78       2      32    17    82   126  0.02  0.03  -1.000  -1.000  -1.000    31.61376 -104.00083   7.931
2022  9 12  7 50 49.241 179740249  31.67561 -104.18995   7.586  2.93      79      13       3     2    14    12  0.01  0.01  -1.000  -1.000  -1.000    31.67798 -104.19521   7.803
2022  9 12  8 20 37.240 179742037  31.56664 -104.16458   7.153  2.45      80      19       2     1     9     7  0.02  0.01  -1.000  -1.000  -1.000    31.56761 -104.16139   7.828
2022  9 12 11 47  8.075 179754427  31.67142 -104.38010   7.292  2.44      81       1      38    13    63    66  0.01  0.03  -1.000  -1.000  -1.000    31.67071 -104.38383   7.725
2022  9 12 14 55 38.127 179765738  31.61800 -104.52836   7.494  2.04      82      47       1     0     0     0  0.00  0.00  -1.000  -1.000  -1.000    31.61800 -104.52836   7.494
2022  9 12 17 16 28.288 179774188  31.67473 -104.19328   7.569  2.95      83      13       3     2     8     9  0.01  0.01  -1.000  -1.000  -1.000    31.67501 -104.19169   7.417
2022  9 12 18 23 13.218 179778193  31.60606 -104.00484   7.498  2.34      84       2      32    10    69    52  0.02  0.02  -1.000  -1.000  -1.000    31.59694 -104.01285   6.157
2022  9 13  0 14 27.917 179799267  31.57446 -104.17003   7.623  2.93      85      29       1     0     0     0  0.00  0.00  -1.000  -1.000  -1.000    31.57446 -104.17003   7.623
2022  9 13  7 49 42.813 179826582  31.65696 -104.30809   7.197  3.10      86      12       3     2    13    10  0.01  0.03  -1.000  -1.000  -1.000    31.65968 -104.30838   7.314
2022  9 13  9  4 42.011 179831081  31.65755 -104.31204   6.898  3.22      87      12       3     1     3     4  0.01  0.04  -1.000  -1.000  -1.000    31.65714 -104.31024   7.905
2022  9 13 11 38 27.862 179840307  31.61405 -104.12224   7.306  2.11      88       5       6     3    13    13  0.02  0.03  -1.000  -1.000  -1.000    31.61604 -104.12243   6.132
2022  9 13 13 59  9.738 179848749  31.63755 -104.14354   6.440  2.03      89      30       1     0     0     0  0.00  0.00  -1.000  -1.000  -1.000    31.63755 -104.14354   6.440
2022  9 13 18  9  4.405 179863744  31.75502 -104.18415   7.623  2.02      90      43       1     0     0     0  0.00  0.00  -1.000  -1.000  -1.000    31.75502 -104.18415   7.623
2022  9 13 20 35 27.388 179872527  31.65958 -104.30689   7.933  2.70      91       3      21     8    62    26  0.02  0.01  -1.000  -1.000  -1.000    31.65622 -104.31024   8.008
2022  9 13 21 13 39.275 179874819  31.68293 -104.41187   7.044  2.08      92       1      38     1     3     5  0.07  0.03  -1.000  -1.000  -1.000    31.67769 -104.40624   6.157
2022  9 13 22 44 34.441 179880274  31.65909 -104.30582   7.997  2.08      93       3      21     8    63    43  0.04  0.04  -1.000  -1.000  -1.000    31.66152 -104.30893   8.137
2022  9 14  0 36  2.127 179886962  31.65968 -104.30894   6.353  2.11      94       3      21     2     7     6  0.04  0.02  -1.000  -1.000  -1.000    31.65695 -104.30298   7.314
2022  9 14  2  0 16.247 179892016  31.67680 -104.37768   7.896  2.47      95      18       3     1     2     5  0.00  0.01  -1.000  -1.000  -1.000    31.67535 -104.37688   7.211
2022  9 14 16 16 20.676 179943380  31.53128 -104.16956   6.401  2.23      96       8       4     2     9     6  0.01  0.00  -1.000  -1.000  -1.000    31.52894 -104.17458   6.132
2022  9 14 17  4 16.712 179946256  31.73471 -104.53173   7.083  1.99      97      52       1     0     0     0  0.00  0.00  -1.000  -1.000  -1.000    31.73471 -104.53173   7.083
2022  9 14 17 30 55.287 179947855  31.67404 -104.38651   7.474  2.77      98       1      38    19    92   105  0.04  0.02  -1.000  -1.000  -1.000    31.66976 -104.38813   7.108
2022  9 14 20 17 16.850 179957836  31.67555 -104.39053   7.393  2.22      99       1      38     8    37    41  0.01  0.01  -1.000  -1.000  -1.000    31.67067 -104.39029   7.674
2022  9 14 23  2 36.629 179967756  31.67624 -104.38925   7.165  1.97     100       1      38    12    58    49  0.03  0.01  -1.000  -1.000  -1.000    31.67526 -104.39087   6.029
2022  9 15  0 57 58.184 179974678  31.67462 -104.38873   7.461  2.09     101       1      38    14    73    72  0.03  0.01  -1.000  -1.000  -1.000    31.68883 -104.38911   6.054
2022  9 15  1  5 29.091 179975129  31.67506 -104.38765   7.355  2.21     102       1      38     8    30    43  0.01  0.01  -1.000  -1.000  -1.000    31.67941 -104.38875   6.132
2022  9 15  1 45  8.925 179977509  31.68056 -104.41128   6.292  2.03     103       1      38    10    34    38  0.06  0.01  -1.000  -1.000  -1.000    31.68889 -104.41522   6.080
2022  9 15  2 46 46.303 179981206  31.36276 -103.74936   5.598  2.30     104      22       2     1     8     3  0.01  0.01  -1.000  -1.000  -1.000    31.35951 -103.75848   5.849
2022  9 15  6 14 24.129 179993664  31.56547 -104.10318   6.187  2.26     105       6       6     5    40    44  0.01  0.01  -1.000  -1.000  -1.000    31.56857 -104.09929   6.106
2022  9 15  6 24 43.027 179994282  31.56493 -104.10358   6.238  2.53     106       6       6     5    41    39  0.01  0.02  -1.000  -1.000  -1.000    31.56187 -104.10973   6.594
2022  9 15  6 35 52.075 179994952  31.56233 -104.10193   6.175  3.29     107       6       6     5    22    21  0.02  0.02  -1.000  -1.000  -1.000    31.56190 -104.10059   6.132
2022  9 15  8  2 23.331 180000143  31.56510 -104.10281   6.109  2.03     108       6       6     5    49    43  0.02  0.01  -1.000  -1.000  -1.000    31.56420 -104.10061   6.132
2022  9 15  9  3  2.879 180003782  31.56563 -104.10474   6.365  2.08     109       6       6     5    34    41  0.03  0.01  -1.000  -1.000  -1.000    31.56511 -104.10384   6.132
2022  9 15 13 24  8.121 180019447  31.67666 -104.38172   6.782  2.13     110       1      38     6    25    18  0.05  0.01  -1.000  -1.000  -1.000    31.67300 -104.38547   7.725
2022  9 15 14 52 10.476 180024730  31.66950 -104.19057   9.165  1.75     111      33       1     0     0     0  0.00  0.00  -1.000  -1.000  -1.000    31.66950 -104.19057   9.165
2022  9 15 19 13  8.724 180040388  31.68095 -104.42133   6.502  2.35     112       1      38    17    68    89  0.05  0.02  -1.000  -1.000  -1.000    31.67777 -104.42804   7.211
2022  9 15 19 17 34.612 180040654  31.61355 -104.27055   7.357  1.79     113       4       9     6    28    40  0.03  0.02  -1.000  -1.000  -1.000    31.61720 -104.26123   6.389
2022  9 15 19 38 33.607 180041913  31.65875 -104.38804   6.373  1.63     114      17       3     2     8     9  0.09  0.01  -1.000  -1.000  -1.000    31.66470 -104.38970   5.617
2022  9 15 20 12 55.375 180043975  31.72392 -104.53081   4.898  2.49     115      42       1     0     0     0  0.00  0.00  -1.000  -1.000  -1.000    31.72392 -104.53081   4.898
2022  9 15 20 51  5.995 180046265  31.61506 -104.09921   6.935  1.91     116      15       3     2     6     9  0.05  0.02  -1.000  -1.000  -1.000    31.61198 -104.10626   6.132
2022  9 16  0 25 27.062 180059127  31.68088 -104.42120   6.580  2.36     117       1      38    19   121    67  0.04  0.02  -1.000  -1.000  -1.000    31.68288 -104.42001   7.160
2022  9 16  4 12 57.651 180072777  31.65603 -104.37660   6.429  1.49     118      17       3     1     5     5  0.05  0.01  -1.000  -1.000  -1.000    31.65237 -104.37775   6.132
2022  9 16  6  6 22.582 180079582  31.60628 -104.00113   7.630  2.18     119       2      32    21   103   165  0.02  0.06  -1.000  -1.000  -1.000    31.61239 -103.99706   8.394
2022  9 16  6 59  7.325 180082747  31.65488 -104.34225   7.674  1.70     120      37       1     0     0     0  0.00  0.00  -1.000  -1.000  -1.000    31.65488 -104.34225   7.674
2022  9 16  7 40 33.110 180085233  31.56054 -104.09895   6.154  2.04     121       6       6     5    34    36  0.02  0.01  -1.000  -1.000  -1.000    31.56236 -104.10113   6.132
2022  9 16  7 47  2.428 180085622  31.60657 -104.00471   7.329  2.14     122       2      32    19    97   141  0.02  0.04  -1.000  -1.000  -1.000    31.60872 -103.99704   9.268
2022  9 16 10  1  0.850 180093660  31.68140 -104.42531   6.669  1.75     123       1      38    18    87   109  0.04  0.03  -1.000  -1.000  -1.000    31.68656 -104.42005   6.080
2022  9 16 14 34  5.173 180110045  31.71028 -104.09335   6.873  2.90     124      16       3     2    20     9  0.01  0.01  -1.000  -1.000  -1.000    31.70945 -104.09714   6.954
2022  9 17  1  2  5.159 180147724  31.65581 -104.29001   7.217  2.62     125       3      21     6    22    18  0.02  0.07  -1.000  -1.000  -1.000    31.65975 -104.29654   7.828
2022  9 17  2 33 25.553 180153205  31.70951 -104.09308   7.042  2.14     126      16       3     2    14     5  0.02  0.00  -1.000  -1.000  -1.000    31.70487 -104.09334   6.851
2022  9 17  7 34 11.097 180171250  31.65464 -104.29182   7.532  2.16     127       3      21     7    34    21  0.14  0.02  -1.000  -1.000  -1.000    31.63794 -104.29179   6.671
2022  9 17  7 38 15.054 180171494  31.65531 -104.29237   7.497  2.10     128       3      21     2    13     7  0.01  0.01  -1.000  -1.000  -1.000    31.65863 -104.29034   8.265
2022  9 17 22 16 15.573 180224175  31.65916 -104.29839   7.372  2.38     129       3      21     9    65    26  0.03  0.01  -1.000  -1.000  -1.000    31.65766 -104.30002   7.957
2022  9 17 22 25 33.211 180224733  31.65972 -104.29766   7.313  2.26     130       3      21     4    17    11  0.04  0.01  -1.000  -1.000  -1.000    31.65538 -104.29624   6.569
2022  9 18  2 46 59.101 180240419  31.61950 -104.13590   6.966  2.36     131       5       6     3    13    16  0.06  0.02  -1.000  -1.000  -1.000    31.62287 -104.13807   6.132
2022  9 18 11 49 23.048 180272963  31.52852 -104.18374   6.317  2.18     132       8       4     3    16     9  0.01  0.01  -1.000  -1.000  -1.000    31.52084 -104.18661   7.597
2022  9 18 23 44 38.056 180315877  31.61846 -104.13164   7.041  2.44     133       5       6     3    15    22  0.03  0.02  -1.000  -1.000  -1.000    31.62219 -104.13457   8.728
2022  9 19  8 39 56.954 180347997  31.68225 -104.31141   7.887  1.95     134       3      21     2     9     6  0.01  0.01  -1.000  -1.000  -1.000    31.69371 -104.30542   6.491
2022  9 19 17 48  8.944 180380888  31.63769 -104.29529   4.898  2.27     135      40       1     0     0     0  0.00  0.00  -1.000  -1.000  -1.000    31.63769 -104.29529   4.898
2022  9 20  0  2 18.029 180403338  31.68092 -104.42468   6.820  2.15     136       1      38     8    56    40  0.02  0.02  -1.000  -1.000  -1.000    31.68794 -104.42006   4.898
2022  9 20  1 10 42.531 180407442  31.75465 -104.56858   4.820  2.73     137      28       1     0     0     0  0.00  0.00  -1.000  -1.000  -1.000    31.75465 -104.56858   4.820
2022  9 20 14 44 20.950 180456260  31.63587 -104.47366   7.700  2.40     138      38       1     0     0     0  0.00  0.00  -1.000  -1.000  -1.000    31.63587 -104.47366   7.700
2022  9 20 21 30  0.064 180480600  31.60648 -103.97906   7.792  2.26     139       2      32    15    55    64  0.02  0.06  -1.000  -1.000  -1.000    31.59890 -103.97736   6.774
2022  9 21 12 23 51.009 180534230  31.71552 -104.59778   4.530  2.13     140      10       3     2     9     8  0.01  0.01  -1.000  -1.000  -1.000    31.70648 -104.61544   4.306
2022  9 21 12 51 37.274 180535897  31.68348 -104.41935   5.729  2.78     141       1      38    10    32    49  0.11  0.02  -1.000  -1.000  -1.000    31.68151 -104.41946   6.851
2022  9 21 14 35  0.312 180542100  31.72844 -104.52932   7.120  2.43     142      11       3     2    18     3  0.01  0.01  -1.000  -1.000  -1.000    31.72451 -104.54347   8.008
2022  9 21 15 28 53.889 180545333  31.62911 -104.14565   6.743  2.31     143       5       6     1     4     2  0.02  0.01  -1.000  -1.000  -1.000    31.62790 -104.14294   8.034
2022  9 21 15 40 34.834 180546034  31.71552 -104.59875   4.503  2.66     144      10       3     1     7     4  0.00  0.00  -1.000  -1.000  -1.000    31.71860 -104.59511   3.895
2022  9 21 17  6 19.635 180551179  31.73784 -104.11091   8.052  2.53     145       7       5     4    31    43  0.03  0.01  -1.000  -1.000  -1.000    31.73835 -104.10970   7.983
2022  9 21 23 46  9.519 180575169  31.72959 -104.52851   6.947  2.50     146      11       3     2    18     2  0.01  0.01  -1.000  -1.000  -1.000    31.72552 -104.53163   7.391
2022  9 22  1 46 13.050 180582373  31.67980 -104.41013   7.309  2.08     147       1      38    17    60    86  0.05  0.02  -1.000  -1.000  -1.000    31.67675 -104.40946   7.186
2022  9 22  2 51 35.534 180586295  31.67262 -104.38048   7.090  2.13     148       1      38     8    39    34  0.01  0.01  -1.000  -1.000  -1.000    31.66017 -104.37836   7.571
2022  9 22  5 34 23.935 180596063  31.61982 -104.12472   7.355  2.13     149       5       6     5    22    16  0.05  0.02  -1.000  -1.000  -1.000    31.61857 -104.12379   7.288
2022  9 22  8  7 33.629 180605253  31.60342 -103.98109   8.366  2.39     150       2      32    22    79   149  0.04  0.06  -1.000  -1.000  -1.000    31.60143 -103.97711   9.936
2022  9 22 12 44 46.984 180621887  31.60036 -103.96705   8.061  1.92     151       2      32    11    70    53  0.03  0.06  -1.000  -1.000  -1.000    31.60791 -103.96369   7.828
2022  9 22 14 57 19.281 180629839  31.60056 -103.96785   8.011  1.77     152       2      32    23    95   152  0.08  0.05  -1.000  -1.000  -1.000    31.60561 -103.96260   9.525
2022  9 22 16 39 22.430 180635962  31.73746 -104.10924   7.975  2.15     153       7       5     4    39    39  0.07  0.01  -1.000  -1.000  -1.000    31.73560 -104.10753   7.468
2022  9 22 16 48 49.518 180636529  31.73701 -104.10778   7.942  2.22     154       7       5     4    26    26  0.08  0.01  -1.000  -1.000  -1.000    31.73470 -104.10375   8.754
2022  9 22 17 23 13.163 180638592  31.59974 -103.96713   8.311  1.73     155       2      32    20    80   132  0.03  0.05  -1.000  -1.000  -1.000    31.60468 -103.96529  10.348
2022  9 22 18 24 23.785 180642263  31.60008 -103.96682   8.141  2.13     156       2      32    16    74   114  0.02  0.05  -1.000  -1.000  -1.000    31.60377 -103.96367   8.857
2022  9 22 22 16 40.485 180656200  31.67608 -104.47580   5.896  2.11     157       9       4     1     6     3  0.05  0.01  -1.000  -1.000  -1.000    31.68113 -104.47491   6.029
2022  9 23  3 29  1.442 180674940  31.67774 -104.47603   5.845  2.08     158       9       4     3    13    12  0.12  0.02  -1.000  -1.000  -1.000    31.67188 -104.48235   7.468
2022  9 23  9 48 27.858 180697707  31.60510 -103.97874  10.810  1.48     159      41       1     0     0     0  0.00  0.00  -1.000  -1.000  -1.000    31.60510 -103.97874  10.810
2022  9 23 10 15  2.086 180699302  31.72799 -104.53257   7.001  2.04     160      11       3     2    16     1  0.01  0.00  -1.000  -1.000  -1.000    31.73599 -104.51531   5.669
2022  9 23 15 48 28.732 180719308  31.68077 -104.41130   6.803  2.48     161       1      38    12    44    59  0.06  0.04  -1.000  -1.000  -1.000    31.68065 -104.41030   6.851
2022  9 23 15 53  7.845 180719587  31.68092 -104.41299   6.759  2.17     162       1      38    24   110   152  0.05  0.02  -1.000  -1.000  -1.000    31.68341 -104.41033   6.646
2022  9 23 21  5 43.124 180738343  31.61239 -104.26596   7.186  2.43     163       4       9     8    46    46  0.03  0.02  -1.000  -1.000  -1.000    31.62040 -104.26502   7.520
2022  9 24  2  5 13.995 180756313  31.60582 -103.99756   7.654  1.71     164       2      32    19    63   163  0.04  0.04  -1.000  -1.000  -1.000    31.60966 -103.98951  10.039
2022  9 24  9 25  3.699 180782703  31.72226 -103.98842   8.805  2.15     165      45       1     0     0     0  0.00  0.00  -1.000  -1.000  -1.000    31.72226 -103.98842   8.805
2022  9 24 18 49 19.244 180816559  31.61555 -104.10763   7.222  2.07     166      15       3     2    11     9  0.03  0.01  -1.000  -1.000  -1.000    31.61567 -104.10144   7.931
2022  9 24 18 51 13.130 180816673  31.68870 -104.53879   8.008  2.42     167      32       1     0     0     0  0.00  0.00  -1.000  -1.000  -1.000    31.68870 -104.53879   8.008
2022  9 24 23 44 40.720 180834280  31.59652 -104.57332   8.831  2.07     168      39       1     0     0     0  0.00  0.00  -1.000  -1.000  -1.000    31.59652 -104.57332   8.831
2022  9 25  4 53  0.524 180852780  31.71287 -104.26543   8.370  1.87     169      14       3     2    12     7  0.01  0.03  -1.000  -1.000  -1.000    31.71229 -104.26949   7.777
2022  9 25  5  6 35.677 180853595  31.65998 -104.45550   6.213  2.27     170      27       2     1    15     7  0.01  0.01  -1.000  -1.000  -1.000    31.65989 -104.45559   6.157
2022  9 25 11  9  9.608 180875349  31.66139 -104.33635   7.090  2.22     171      20       2     1     9     5  0.00  0.01  -1.000  -1.000  -1.000    31.65469 -104.33552   6.209
2022  9 25 12 48 59.211 180881339  31.68224 -104.42755   6.775  2.05     172       1      38    14    83    76  0.07  0.02  -1.000  -1.000  -1.000    31.68101 -104.42484   6.954
2022  9 26 11 24 51.790 180962691  31.61112 -104.09987   7.297  2.05     173      15       3     2    11    12  0.02  0.01  -1.000  -1.000  -1.000    31.61408 -104.09901   7.391
2022  9 26 14  3 28.654 180972208  31.66048 -104.45704   6.178  2.00     174      27       2     1    15     7  0.01  0.01  -1.000  -1.000  -1.000    31.66057 -104.45695   6.234
2022  9 26 17 26 43.670 180984403  31.71255 -104.26424   8.229  2.04     175      14       3     1     9     4  0.01  0.01  -1.000  -1.000  -1.000    31.70978 -104.26759   7.597
2022  9 26 19 28 50.262 180991730  31.60783 -103.99729   7.118  1.63     176       2      32    14    34   104  0.04  0.02  -1.000  -1.000  -1.000    31.60918 -103.99489   9.988
2022  9 27  4 13 17.465 181023197  31.71534 -104.29913   6.286  2.70     177      48       1     0     0     0  0.00  0.00  -1.000  -1.000  -1.000    31.71534 -104.29913   6.286
2022  9 27 14 44 50.103 181061090  31.65817 -104.30315   8.053  2.96     178       3      21     9    70    56  0.01  0.01  -1.000  -1.000  -1.000    31.66176 -104.30598   7.803
2022  9 27 15 23 37.829 181063417  31.65860 -104.30443   7.976  2.48     179       3      21    10    77    46  0.09  0.03  -1.000  -1.000  -1.000    31.65603 -104.30351   7.314
2022  9 27 20 56  7.963 181083368  31.61832 -104.12163   7.730  2.19     180       5       6     1     3     3  0.01  0.01  -1.000  -1.000  -1.000    31.61169 -104.11998   6.826
2022  9 28  5 24 22.663 181113862  31.68031 -104.30507   7.937  1.89     181       3      21     2     8     6  0.02  0.02  -1.000  -1.000  -1.000    31.69414 -104.30973   6.594
2022  9 28 10 24 17.647 181131857  31.71930 -104.30623   6.867  1.97     182      21       2     1     4     4  0.03  0.00  -1.000  -1.000  -1.000    31.72266 -104.30619   6.491
2022  9 28 18 51 50.503 181162310  31.71347 -104.59001   4.837  2.02     183      10       3     1     2     4  0.01  0.02  -1.000  -1.000  -1.000    31.71944 -104.57600   5.669
2022  9 28 19 45 24.701 181165524  31.69423 -104.36536   7.367  2.04     184      25       2     1    10     3  0.00  0.00  -1.000  -1.000  -1.000    31.69335 -104.36411   7.520
2022  9 28 21 28 22.728 181171702  31.66789 -104.31867   6.491  2.00     185      44       1     0     0     0  0.00  0.00  -1.000  -1.000  -1.000    31.66789 -104.31867   6.491
2022  9 29  2 16 42.225 181189002  31.67902 -104.40101   6.803  2.04     186       1      38    14    69    49  0.05  0.01  -1.000  -1.000  -1.000    31.67864 -104.40194   7.288
2022  9 29  4 25 54.332 181196754  31.67930 -104.40160   6.702  2.26     187       1      38    15    68    64  0.07  0.02  -1.000  -1.000  -1.000    31.67838 -104.40651   7.828
2022  9 29  7 20 15.831 181207215  31.71068 -104.09288   6.664  2.65     188      16       3     2    18     4  0.02  0.01  -1.000  -1.000  -1.000    31.71615 -104.08883   6.774
2022  9 29  8 10  9.936 181210210  31.67802 -104.40157   7.646  2.42     189       1      38    11    48    53  0.03  0.01  -1.000  -1.000  -1.000    31.68693 -104.39878   6.157
2022  9 29  8 16 52.098 181210612  31.67774 -104.40129   7.748  2.09     190       1      38    10    46    46  0.03  0.01  -1.000  -1.000  -1.000    31.67128 -104.40295   7.597
2022  9 29 17 28 15.327 181243695  31.68083 -104.42210   6.873  1.98     191       1      38    13    70    54  0.03  0.03  -1.000  -1.000  -1.000    31.68332 -104.42378   7.674
2022  9 30  5 37 25.001 181287444  31.67998 -104.40957   7.146  2.70     192       1      38    21    93   119  0.04  0.02  -1.000  -1.000  -1.000    31.67012 -104.40482   7.674
2022  9 30  6  9 44.267 181289384  31.68369 -104.49505   7.375  2.88     193       9       4     2    22    18  0.07  0.01  -1.000  -1.000  -1.000    31.67704 -104.49990   7.391
2022  9 30  9  5 51.860 181299952  31.68325 -104.49282   7.235  3.23     194       9       4     2    23    19  0.06  0.02  -1.000  -1.000  -1.000    31.69072 -104.48254   5.463
2022  9 30 16 27 55.730 181326475  31.67635 -104.36460   6.519  2.36     195      17       3     1     3     4  0.13  0.02  -1.000  -1.000  -1.000    31.67407 -104.36179   7.571
